[[[[-2.12780349e-02]
   [ 7.46175423e-02]
   [-2.25916170e-02]
   [-3.62165049e-02]
   [-7.12731946e-03]
   [-3.59963365e-02]
   [-2.50007689e-01]
   [-3.61538008e-02]
   [ 1.39967958e-02]
   [-2.94821411e-02]
   [-1.19858168e-01]
   [-2.18990240e-02]
   [ 2.88850088e-02]
   [-3.96512635e-02]
   [-1.31601868e-02]
   [-9.57781542e-03]
   [-7.77236745e-02]
   [-3.36801745e-02]
   [-2.17599571e-02]
   [ 4.71240096e-02]
   [-3.38291787e-02]
   [-3.31281610e-02]
   [ 1.04415277e-02]
   [-1.03501212e-02]
   [-2.06034444e-02]
   [-2.87695508e-02]
   [-8.81765783e-02]
   [-3.40800323e-02]
   [ 4.41777799e-03]
   [-3.10730617e-02]
   [-2.46587321e-02]
   [ 2.89363079e-02]]

  [[-7.37558082e-02]
   [ 2.53171511e-02]
   [-1.67403203e-02]
   [-2.72747669e-02]
   [-7.96854962e-03]
   [-7.33453082e-03]
   [-1.14337571e-01]
   [-1.18636331e-02]
   [ 2.32627783e-02]
   [-7.10645877e-03]
   [-6.40589138e-03]
   [-3.32156979e-02]
   [ 3.86883169e-02]
   [-6.77286368e-03]
   [-1.77065358e-02]
   [-2.75415555e-02]
   [-2.86053251e-02]
   [-2.79077329e-02]
   [-2.15539560e-01]
   [-1.06718369e-01]
   [ 1.23763864e-03]
   [-2.78449189e-02]
   [ 2.16537411e-03]
   [-7.43535906e-03]
   [-2.46927589e-02]
   [-3.92215326e-02]
   [-9.10997465e-02]
   [-2.97818538e-02]
   [ 8.25347304e-02]
   [-3.37629467e-02]
   [-4.65706922e-03]
   [ 2.51258872e-02]]

  [[ 1.70361605e-02]
   [-3.43679264e-02]
   [-8.67557898e-03]
   [-3.01816016e-02]
   [-3.46602174e-04]
   [ 3.16290651e-04]
   [ 3.83947603e-02]
   [-1.43456860e-02]
   [ 1.95518322e-02]
   [-2.81725824e-02]
   [-1.15191098e-02]
   [-6.31133607e-03]
   [-8.55386257e-03]
   [-1.15979843e-01]
   [-1.93379186e-02]
   [-2.77068745e-02]
   [ 1.28054311e-02]
   [-2.49543283e-02]
   [ 1.22637138e-01]
   [ 3.84917259e-02]
   [-8.31984915e-03]
   [-2.01589670e-02]
   [-2.25012414e-02]
   [-1.36645073e-02]
   [-1.84510201e-02]
   [-1.15411691e-02]
   [ 9.64331999e-02]
   [-9.98394471e-03]
   [-4.25135111e-03]
   [ 5.03181526e-03]
   [-5.87763544e-03]
   [ 3.00594363e-02]]

  [[ 3.22052315e-02]
   [ 1.82076618e-02]
   [-3.05671990e-02]
   [-3.64978574e-02]
   [-7.88459741e-03]
   [-3.39172259e-02]
   [-2.03227907e-01]
   [-4.05998640e-02]
   [ 8.77848733e-03]
   [-1.95819270e-02]
   [-5.80513850e-02]
   [ 1.53412689e-02]
   [ 3.40093635e-02]
   [-7.42916316e-02]
   [-8.23901687e-03]
   [ 1.01469904e-02]
   [ 3.20237465e-02]
   [-1.22670699e-02]
   [-1.38803646e-01]
   [ 5.21465838e-02]
   [-2.89347097e-02]
   [-1.00559099e-02]
   [-6.52611554e-02]
   [-2.33123638e-02]
   [-2.53535639e-02]
   [-1.64055862e-02]
   [ 1.43382847e-02]
   [ 2.34316122e-02]
   [ 6.08144328e-02]
   [-1.01149380e-02]
   [-4.90796492e-02]
   [-1.34802144e-02]]

  [[-2.11145263e-02]
   [ 6.09581582e-02]
   [-3.20819616e-02]
   [-4.24021408e-02]
   [ 1.09953722e-02]
   [-5.41875400e-02]
   [-2.06637383e-01]
   [-3.56356017e-02]
   [ 8.68066214e-03]
   [-5.29138781e-02]
   [ 4.40909490e-02]
   [-2.89082155e-02]
   [-1.69749893e-02]
   [-3.63528915e-02]
   [-1.21639557e-02]
   [-1.86278969e-02]
   [ 2.48217378e-02]
   [-1.60318520e-02]
   [-8.65685120e-02]
   [-1.56873792e-01]
   [-3.41866426e-02]
   [-2.27774139e-02]
   [-6.15094565e-02]
   [-2.61881575e-03]
   [-1.79293230e-02]
   [-2.88609881e-02]
   [-2.41561905e-02]
   [-1.97802894e-02]
   [ 5.92786595e-02]
   [-2.29884498e-02]
   [-6.51091859e-02]
   [-1.10140629e-02]]

  [[ 3.00738349e-04]
   [ 3.44087481e-02]
   [-4.63716649e-02]
   [-2.93688606e-02]
   [-1.50818108e-02]
   [-3.28691155e-02]
   [-5.89573346e-02]
   [-5.61395623e-02]
   [-4.36624652e-03]
   [-3.05795819e-02]
   [ 1.98178515e-02]
   [-1.99125130e-02]
   [ 1.84527393e-02]
   [ 4.48178351e-02]
   [-3.91745940e-02]
   [-2.48778313e-02]
   [-4.54540290e-02]
   [-2.42940001e-02]
   [-5.17625883e-02]
   [ 7.65847862e-02]
   [-4.86888997e-02]
   [-4.19399105e-02]
   [-1.09741203e-02]
   [-3.18379477e-02]
   [-1.63704008e-02]
   [-4.21859026e-02]
   [ 3.47879753e-02]
   [-1.42124314e-02]
   [ 5.54984063e-02]
   [-4.10526320e-02]
   [-2.16557402e-02]
   [ 2.21949015e-02]]

  [[ 2.55028158e-02]
   [-2.73028202e-02]
   [-1.78571455e-02]
   [-2.57253032e-02]
   [-5.23283193e-03]
   [-3.07516474e-02]
   [-6.73645958e-02]
   [-5.30245304e-02]
   [ 4.24181065e-03]
   [-1.70462485e-02]
   [-1.72099784e-01]
   [-1.96940564e-02]
   [ 2.64236424e-02]
   [-7.59383217e-02]
   [-2.73595341e-02]
   [-2.04608236e-02]
   [-2.07058317e-03]
   [-1.90012306e-02]
   [ 5.29593378e-02]
   [ 1.39516115e-01]
   [-4.41680141e-02]
   [-2.44296696e-02]
   [ 1.59746241e-02]
   [-1.72249395e-02]
   [-3.05292048e-02]
   [-2.43214983e-02]
   [-2.27526188e-01]
   [-2.88958736e-02]
   [-9.03081708e-03]
   [-1.36215705e-02]
   [-2.64904724e-04]
   [ 5.99041991e-02]]]


 [[[ 4.50450256e-02]
   [-1.05756726e-02]
   [-1.71362627e-02]
   [-3.78687158e-02]
   [-1.77067909e-02]
   [-6.61085472e-02]
   [-8.24861825e-02]
   [-4.82606739e-02]
   [ 1.34755997e-02]
   [-2.50048339e-02]
   [ 1.33530274e-01]
   [-3.76059785e-02]
   [ 2.20836233e-02]
   [-1.11717828e-01]
   [-4.18531969e-02]
   [-3.04647274e-02]
   [-4.13175076e-02]
   [-3.77598330e-02]
   [ 2.23706201e-01]
   [ 2.51820162e-02]
   [-3.34047712e-02]
   [-3.09298504e-02]
   [-3.03672813e-02]
   [-3.13480981e-02]
   [-4.04714607e-02]
   [-3.54517177e-02]
   [ 1.24224626e-01]
   [-3.29052694e-02]
   [ 1.09233603e-01]
   [-2.84724962e-02]
   [-3.00241392e-02]
   [-2.65536681e-02]]

  [[ 2.61898097e-02]
   [-3.05372826e-03]
   [-3.15333717e-03]
   [-2.79148817e-02]
   [-2.35578492e-02]
   [-1.45683447e-02]
   [ 6.05896162e-03]
   [ 9.25497152e-03]
   [ 1.50098279e-02]
   [-2.50646602e-02]
   [ 1.19067028e-01]
   [-5.64298686e-03]
   [-7.28340680e-03]
   [ 5.67702129e-02]
   [-3.01482845e-02]
   [ 2.42357347e-02]
   [-1.32760946e-02]
   [-3.52528431e-02]
   [-1.14869429e-02]
   [-1.71693802e-01]
   [-1.74415596e-02]
   [-4.04086635e-02]
   [ 6.45318627e-03]
   [-2.63178069e-02]
   [-1.16841886e-02]
   [-4.90289330e-02]
   [ 1.74543355e-02]
   [ 4.16371878e-03]
   [-1.37775764e-02]
   [-1.34878410e-02]
   [-7.21513014e-03]
   [-6.11875057e-02]]

  [[-6.61751404e-02]
   [-5.18816672e-02]
   [-1.90678076e-03]
   [-1.57827847e-02]
   [ 2.49288627e-03]
   [ 2.07633283e-02]
   [-1.82131201e-01]
   [ 9.26012918e-03]
   [ 1.58578567e-02]
   [-1.12209320e-02]
   [ 5.55987544e-02]
   [-8.85405578e-03]
   [-4.48255129e-02]
   [ 1.59876406e-01]
   [-1.11354645e-02]
   [ 2.24005827e-03]
   [-2.11058296e-02]
   [-5.07789338e-03]
   [ 5.24905100e-02]
   [-6.81167468e-02]
   [ 4.48081084e-03]
   [ 8.28947965e-03]
   [-1.98421214e-04]
   [-7.68301822e-03]
   [ 9.08895861e-03]
   [-2.54744552e-02]
   [ 2.91017480e-02]
   [ 2.36728527e-02]
   [-6.33956790e-02]
   [ 9.37405694e-03]
   [ 3.68892401e-02]
   [-1.09000551e-02]]

  [[ 1.44870048e-02]
   [-9.43997279e-02]
   [ 5.62599534e-03]
   [ 3.72033962e-03]
   [-1.49185974e-02]
   [ 1.86145632e-03]
   [ 1.25863343e-01]
   [-8.07284657e-03]
   [-9.91430320e-03]
   [-1.34709366e-02]
   [-5.32186776e-02]
   [ 1.37892701e-02]
   [ 4.90225898e-03]
   [-5.61973676e-02]
   [-4.62172600e-03]
   [-4.99458145e-03]
   [-2.74530035e-02]
   [ 5.54806553e-03]
   [-2.52974212e-01]
   [ 2.69293264e-02]
   [ 2.65474268e-03]
   [ 1.23809529e-02]
   [-1.55589636e-02]
   [ 2.71543628e-03]
   [ 5.28907217e-03]
   [ 8.31448380e-03]
   [-1.15159571e-01]
   [ 5.28929979e-02]
   [-5.38497791e-02]
   [ 2.06058715e-02]
   [-1.72955531e-03]
   [-4.19110805e-02]]

  [[-2.31361594e-02]
   [-2.87429132e-02]
   [-1.86487269e-02]
   [-1.94830485e-02]
   [-3.05427914e-03]
   [-2.63800099e-02]
   [ 5.73577136e-02]
   [-2.56612655e-02]
   [ 9.74173192e-03]
   [-2.85628121e-02]
   [-1.19621297e-02]
   [-2.22901888e-02]
   [-4.77692187e-02]
   [ 7.34435022e-02]
   [-3.19509394e-03]
   [-1.10029792e-02]
   [-4.98749875e-02]
   [-2.75735813e-03]
   [-2.14024223e-02]
   [ 8.79875645e-02]
   [-2.28126738e-02]
   [-1.39525346e-02]
   [-4.48793881e-02]
   [-2.90964823e-02]
   [-6.29041344e-03]
   [-1.25359045e-02]
   [ 5.17695919e-02]
   [ 1.30950846e-02]
   [-9.76268947e-03]
   [-1.20844282e-02]
   [-3.75413075e-02]
   [-9.67186764e-02]]

  [[-5.21696359e-03]
   [ 4.03339043e-02]
   [-2.17400137e-02]
   [-2.95474697e-02]
   [ 2.62819920e-02]
   [-1.61749162e-02]
   [-9.01771896e-03]
   [-3.11421771e-02]
   [-1.16632495e-03]
   [-4.99106832e-02]
   [ 1.50179699e-01]
   [-2.02376936e-02]
   [-9.54968156e-04]
   [-1.72147408e-01]
   [-1.16583481e-02]
   [-3.65429893e-02]
   [-4.39420566e-02]
   [-5.03589911e-03]
   [-1.89239934e-01]
   [-1.47613138e-01]
   [-2.32263058e-02]
   [-1.05204722e-02]
   [-1.34926457e-02]
   [-3.14005017e-02]
   [-1.61018316e-02]
   [-4.61771265e-02]
   [ 3.24716903e-02]
   [ 4.04077163e-03]
   [ 1.67239551e-02]
   [-2.82266755e-02]
   [-3.62862460e-02]
   [-6.77657127e-02]]

  [[ 3.39165027e-03]
   [ 2.50962302e-02]
   [-2.04341747e-02]
   [-3.17913257e-02]
   [-4.43627452e-03]
   [-4.35931198e-02]
   [-1.83623254e-01]
   [-5.79100922e-02]
   [ 1.01213874e-02]
   [-3.15224789e-02]
   [ 5.71077354e-02]
   [-2.49437876e-02]
   [ 7.11024832e-03]
   [ 4.29598689e-02]
   [-2.01969538e-02]
   [-3.20270769e-02]
   [-3.97374034e-02]
   [-3.65908034e-02]
   [ 9.50162411e-02]
   [-6.26150370e-02]
   [-2.77843904e-02]
   [-3.44812013e-02]
   [-1.08777666e-02]
   [-2.03916784e-02]
   [-2.61945073e-02]
   [-2.57733501e-02]
   [ 1.60056025e-01]
   [-3.06459377e-03]
   [ 4.37862948e-02]
   [-1.71721950e-02]
   [-1.89181827e-02]
   [-3.20342444e-02]]]


 [[[ 4.80757765e-02]
   [-3.61485481e-02]
   [-3.04902364e-02]
   [-3.32546197e-02]
   [-1.00602051e-02]
   [-6.46538064e-02]
   [ 6.40346948e-03]
   [-2.68931724e-02]
   [ 2.20799614e-02]
   [-3.81339304e-02]
   [-1.27909202e-02]
   [-3.92931066e-02]
   [-3.01377885e-02]
   [-8.27171057e-02]
   [-2.99796369e-02]
   [-1.88148189e-02]
   [-3.11279800e-02]
   [-1.33315772e-02]
   [ 1.57733843e-01]
   [-2.16950709e-03]
   [-1.46030402e-02]
   [-2.91019548e-02]
   [-8.30532461e-02]
   [-3.39579955e-02]
   [-2.05037557e-02]
   [-2.06459891e-02]
   [ 6.87308004e-03]
   [-1.88024547e-02]
   [-1.38804298e-02]
   [-5.16120680e-02]
   [-8.24654177e-02]
   [-6.16014786e-02]]

  [[ 9.24131870e-02]
   [-2.93778386e-02]
   [ 7.82156270e-03]
   [-3.11873779e-02]
   [ 3.45746381e-03]
   [-2.61077099e-03]
   [ 1.08010452e-02]
   [ 6.37835683e-03]
   [-5.81644988e-03]
   [-3.14890891e-02]
   [-1.79741263e-01]
   [-1.14211980e-02]
   [-7.53795803e-02]
   [-7.65734836e-02]
   [-9.35830921e-03]
   [-1.38972122e-02]
   [-7.54425721e-03]
   [-1.42328655e-02]
   [-1.47056490e-01]
   [ 1.33225784e-01]
   [ 4.24662512e-03]
   [-1.47073492e-02]
   [-4.17316239e-03]
   [-2.69053560e-02]
   [-7.37289572e-03]
   [-3.46749425e-02]
   [ 1.15031854e-03]
   [ 1.62810367e-02]
   [-2.39115325e-03]
   [-9.92928864e-04]
   [-1.56375524e-02]
   [-4.57964391e-02]]

  [[-1.22390874e-01]
   [ 3.88046093e-02]
   [ 3.70775163e-02]
   [-1.15210004e-02]
   [ 4.37873555e-03]
   [ 9.93671194e-02]
   [-1.41446739e-01]
   [ 2.98940353e-02]
   [-9.15958919e-03]
   [-1.36599923e-02]
   [ 1.00027316e-03]
   [ 1.66570190e-02]
   [-9.28515643e-02]
   [ 8.51223767e-02]
   [ 2.09939927e-02]
   [ 5.45544270e-03]
   [-2.46630237e-03]
   [ 2.96389684e-03]
   [-2.79836636e-02]
   [ 9.43902880e-02]
   [ 6.29005441e-03]
   [ 7.62659498e-03]
   [ 6.87191561e-02]
   [-1.66220730e-03]
   [ 2.36444511e-02]
   [-9.89359617e-03]
   [-1.59364641e-01]
   [ 5.17506860e-02]
   [-3.37603986e-02]
   [ 6.64345222e-03]
   [ 9.49700326e-02]
   [ 4.55258749e-02]]

  [[ 2.36730333e-02]
   [-1.71346348e-02]
   [ 2.60620471e-02]
   [ 7.95596093e-03]
   [-1.94374397e-02]
   [ 8.80592391e-02]
   [ 3.11800819e-02]
   [ 3.38753276e-02]
   [-4.75593889e-03]
   [ 2.37159356e-02]
   [-4.62043770e-02]
   [ 1.53263751e-02]
   [ 2.75816880e-02]
   [-4.70974110e-02]
   [ 3.77207100e-02]
   [ 3.07328291e-02]
   [ 8.22775066e-03]
   [ 3.08628641e-02]
   [ 2.73182448e-02]
   [-4.29041982e-02]
   [ 2.50224061e-02]
   [ 2.63934042e-02]
   [ 6.62828535e-02]
   [ 3.53922173e-02]
   [ 1.78585239e-02]
   [ 1.77403260e-02]
   [-9.82568339e-02]
   [ 8.90945122e-02]
   [-7.92392492e-02]
   [ 2.14986522e-02]
   [ 1.06800944e-01]
   [ 7.61948749e-02]]

  [[ 3.15810069e-02]
   [-7.09596872e-02]
   [-1.46093713e-02]
   [-4.22907481e-03]
   [ 4.31055250e-03]
   [ 2.38617491e-02]
   [ 1.48915857e-01]
   [ 1.14342188e-02]
   [ 4.39609354e-03]
   [-1.98166724e-03]
   [-2.05290601e-01]
   [ 1.03982619e-03]
   [-7.99538940e-02]
   [-6.74693659e-02]
   [-1.25638898e-02]
   [ 2.17854772e-02]
   [-1.75540950e-02]
   [-6.15521520e-03]
   [ 1.01644650e-01]
   [ 1.11096077e-01]
   [ 1.57351419e-02]
   [ 4.04703780e-04]
   [ 5.76034095e-03]
   [ 6.92815753e-04]
   [ 4.66435589e-03]
   [ 6.92305015e-03]
   [ 2.21552979e-03]
   [ 3.41389552e-02]
   [-7.60219917e-02]
   [ 2.75247544e-03]
   [ 9.88590531e-03]
   [-2.74843015e-02]]

  [[ 9.32010114e-02]
   [ 7.86553882e-03]
   [-1.88087486e-02]
   [-2.33719442e-02]
   [-2.22280156e-03]
   [ 7.02903047e-03]
   [ 5.96426055e-02]
   [-2.08138302e-02]
   [ 1.82167115e-03]
   [-1.43439760e-02]
   [ 3.35940719e-02]
   [-3.08632534e-02]
   [-4.47391644e-02]
   [-2.70154476e-02]
   [-6.64364547e-03]
   [-1.32721672e-02]
   [-1.28347753e-02]
   [-5.55646187e-03]
   [-3.00561860e-02]
   [-1.89534277e-01]
   [-2.80784979e-03]
   [-2.59116236e-02]
   [-1.23581970e-02]
   [-4.87564690e-03]
   [-2.18510367e-02]
   [-2.77479347e-02]
   [ 4.54492681e-02]
   [ 1.23603623e-02]
   [-2.91198473e-02]
   [ 5.06098010e-03]
   [-2.73004733e-02]
   [-1.31242853e-02]]

  [[-9.06904880e-03]
   [ 1.43062342e-02]
   [-7.94920325e-03]
   [-4.39207815e-02]
   [ 1.16976434e-02]
   [-2.04585362e-02]
   [-1.16579071e-01]
   [-3.80716845e-02]
   [ 2.17822809e-02]
   [-2.95819975e-02]
   [-3.94443721e-02]
   [-1.82979554e-02]
   [-3.70605849e-02]
   [-4.00553793e-02]
   [-3.17942388e-02]
   [-6.34214282e-03]
   [-4.46668565e-02]
   [-2.67326701e-02]
   [ 9.35390219e-03]
   [ 1.84649616e-01]
   [-1.45954704e-02]
   [-3.37379090e-02]
   [-2.47283466e-02]
   [-1.79489702e-02]
   [-3.73485647e-02]
   [-2.23280489e-02]
   [-1.19717911e-01]
   [ 6.48217602e-03]
   [ 1.58004072e-02]
   [-2.71639377e-02]
   [-4.44819145e-02]
   [-1.45587949e-02]]]


 [[[-3.92722003e-02]
   [-3.79283018e-02]
   [-2.48299656e-03]
   [-1.85195282e-02]
   [-2.06086691e-02]
   [-3.40104140e-02]
   [ 9.92020313e-03]
   [-3.03874761e-02]
   [ 9.76941362e-03]
   [-3.46574672e-02]
   [ 3.20830557e-04]
   [-2.04921812e-02]
   [ 6.71795830e-02]
   [ 4.96572666e-02]
   [-2.08794903e-02]
   [-1.30057996e-02]
   [-8.62186775e-03]
   [-1.68254040e-02]
   [-9.57778469e-02]
   [-1.68726578e-01]
   [-1.98217407e-02]
   [-1.71620045e-02]
   [-8.10831785e-02]
   [-1.67990495e-02]
   [-1.41472891e-02]
   [-9.47061740e-03]
   [-4.83715869e-02]
   [ 1.32684514e-03]
   [-7.01985043e-03]
   [-2.45652813e-02]
   [-8.64109173e-02]
   [-3.82944159e-02]]

  [[ 3.21871974e-02]
   [ 1.82211380e-02]
   [ 2.24941708e-02]
   [-2.08274089e-02]
   [ 1.12976795e-02]
   [ 4.43682894e-02]
   [ 3.43353767e-03]
   [ 5.95979346e-03]
   [ 9.30606667e-03]
   [-2.59095268e-05]
   [-1.96774110e-01]
   [-4.19869181e-03]
   [ 3.13760266e-02]
   [-1.05483465e-01]
   [ 2.92658270e-03]
   [-4.16882453e-04]
   [ 1.05222790e-02]
   [-1.36256712e-02]
   [ 2.56665677e-01]
   [ 1.45159468e-01]
   [ 7.49189500e-03]
   [-1.57125778e-02]
   [ 2.62133330e-02]
   [-7.93362968e-03]
   [ 1.72408428e-02]
   [-8.13435111e-03]
   [ 1.01056993e-02]
   [ 3.58013548e-02]
   [-3.14417258e-02]
   [ 1.29167326e-02]
   [ 2.34568045e-02]
   [-2.85438895e-02]]

  [[ 8.60099960e-03]
   [ 1.67247266e-01]
   [ 2.39100866e-02]
   [ 7.47144734e-03]
   [-1.06141884e-02]
   [ 1.42511055e-01]
   [-2.08364844e-01]
   [ 4.29621488e-02]
   [-3.60485702e-03]
   [ 4.30330867e-03]
   [ 1.61736697e-01]
   [ 4.75323386e-03]
   [ 2.91033387e-02]
   [-9.83408019e-02]
   [ 3.15268226e-02]
   [ 1.58852357e-02]
   [ 4.28954437e-02]
   [ 2.65386384e-02]
   [-1.46557882e-01]
   [ 7.32960030e-02]
   [ 2.28670985e-02]
   [ 1.94904655e-02]
   [ 1.61513641e-01]
   [ 3.34858745e-02]
   [ 2.58288514e-02]
   [ 1.02173230e-02]
   [ 8.81092101e-02]
   [ 8.92534852e-02]
   [-1.20660327e-02]
   [ 1.87713522e-02]
   [ 2.17359304e-01]
   [ 1.16698645e-01]]

  [[ 5.37477210e-02]
   [ 7.38581419e-02]
   [ 3.97162959e-02]
   [ 3.68938670e-02]
   [ 2.62754578e-02]
   [ 1.49808332e-01]
   [-9.06497911e-02]
   [ 2.93307211e-02]
   [ 1.57109387e-02]
   [ 3.01192272e-02]
   [ 2.75663406e-01]
   [ 4.81529273e-02]
   [ 2.08140731e-01]
   [-2.78010424e-02]
   [ 4.57109995e-02]
   [ 4.69094962e-02]
   [ 4.11623195e-02]
   [ 3.80430594e-02]
   [ 2.83424091e-02]
   [-1.89834878e-01]
   [ 5.74268214e-02]
   [ 4.91469540e-02]
   [ 1.78050250e-01]
   [ 4.31546047e-02]
   [ 6.51864260e-02]
   [ 4.26462591e-02]
   [ 4.62583564e-02]
   [ 1.20671630e-01]
   [-5.80476895e-02]
   [ 4.91049550e-02]
   [ 2.67506570e-01]
   [ 1.72779977e-01]]

  [[ 5.91596775e-03]
   [-7.03084245e-02]
   [ 1.19034499e-02]
   [ 7.34134996e-03]
   [ 1.20614581e-02]
   [ 9.45844576e-02]
   [-5.74239641e-02]
   [ 3.63071486e-02]
   [ 4.38154850e-04]
   [-1.14856372e-02]
   [-4.44370359e-02]
   [ 1.60752498e-02]
   [ 4.73247841e-02]
   [ 6.39419537e-03]
   [ 2.12604385e-02]
   [ 7.16705853e-03]
   [ 1.46162948e-02]
   [ 2.43807063e-02]
   [-6.84677958e-02]
   [ 2.34275926e-02]
   [ 3.95818911e-02]
   [ 1.51670426e-02]
   [ 5.99731281e-02]
   [ 1.63439307e-02]
   [ 6.17418857e-03]
   [ 1.03490930e-02]
   [ 4.73970175e-03]
   [ 9.71501991e-02]
   [-2.64945980e-02]
   [ 1.26166446e-02]
   [ 1.27122387e-01]
   [ 7.81978369e-02]]

  [[ 3.20821488e-03]
   [-4.11961935e-02]
   [-5.19393524e-03]
   [-2.96328515e-02]
   [-1.18318584e-03]
   [ 2.05778405e-02]
   [ 3.66719998e-02]
   [-1.87012088e-02]
   [-6.03320822e-03]
   [-1.40258856e-02]
   [-6.11466095e-02]
   [ 3.04851355e-03]
   [ 4.72210087e-02]
   [ 7.21351281e-02]
   [ 4.34936676e-03]
   [ 2.54777982e-03]
   [-1.07365213e-02]
   [-5.74439950e-03]
   [ 3.06550544e-02]
   [-4.86865416e-02]
   [ 5.03063388e-03]
   [ 1.40235247e-03]
   [ 4.43226192e-03]
   [-3.08823283e-03]
   [-9.32223257e-03]
   [-1.91090517e-02]
   [ 4.10236567e-02]
   [ 4.46529724e-02]
   [-5.10201193e-02]
   [-6.42010896e-03]
   [ 2.74287388e-02]
   [ 1.89767033e-02]]

  [[-6.68531731e-02]
   [ 3.42876725e-02]
   [-2.72874180e-02]
   [-2.26624077e-03]
   [-5.18623414e-03]
   [ 5.43765724e-03]
   [-9.32430997e-02]
   [-4.73414287e-02]
   [ 2.44490337e-03]
   [-2.04182211e-02]
   [-1.66286603e-02]
   [-1.16509376e-02]
   [ 4.45001870e-02]
   [-2.68649217e-02]
   [-2.38923095e-02]
   [-1.97713207e-02]
   [-2.81835981e-02]
   [-3.77941988e-02]
   [-1.78198561e-01]
   [ 1.68079630e-01]
   [ 3.89456429e-04]
   [-3.27892713e-02]
   [ 8.61679669e-03]
   [-3.56623679e-02]
   [-1.74867269e-02]
   [-1.94635522e-02]
   [-7.99464285e-02]
   [ 2.81510744e-02]
   [ 3.93821672e-02]
   [ 2.64482410e-03]
   [ 1.44417072e-03]
   [ 2.76315622e-02]]]


 [[[-1.10459164e-01]
   [-6.23817854e-02]
   [-1.32564735e-02]
   [-3.94968018e-02]
   [-9.89061128e-03]
   [-3.37698162e-02]
   [-2.36527517e-01]
   [-2.89092138e-02]
   [-9.59850475e-03]
   [-3.65849659e-02]
   [ 2.17593536e-01]
   [-9.45677515e-03]
   [ 4.15949011e-03]
   [-8.37033894e-03]
   [-1.87442638e-02]
   [-7.80838542e-03]
   [-3.98989283e-02]
   [-3.07090245e-02]
   [ 1.22219466e-01]
   [-7.85868019e-02]
   [-1.71126388e-02]
   [-4.85256463e-02]
   [-4.58823629e-02]
   [-2.65573040e-02]
   [-2.74567325e-02]
   [-3.68033685e-02]
   [-1.82399917e-02]
   [-6.48266124e-03]
   [ 9.62348878e-02]
   [-1.60826147e-02]
   [-7.61534497e-02]
   [-4.58707102e-02]]

  [[ 3.20455208e-02]
   [-7.08787739e-02]
   [-7.47534912e-03]
   [-3.21888551e-02]
   [-1.49487355e-03]
   [ 7.95223191e-03]
   [-2.41710320e-01]
   [ 1.34021388e-02]
   [ 9.48479306e-03]
   [-1.37397191e-02]
   [-1.91246822e-01]
   [-1.96136087e-02]
   [-2.02132724e-02]
   [ 1.08319640e-01]
   [-1.38135103e-03]
   [ 2.63077114e-03]
   [ 1.48374960e-02]
   [-2.94905454e-02]
   [-2.37619743e-01]
   [-1.01042734e-02]
   [-8.33373796e-03]
   [-2.77323946e-02]
   [ 4.88270354e-03]
   [-1.85192861e-02]
   [-6.95092743e-03]
   [-2.00478267e-02]
   [-8.11200812e-02]
   [ 2.71625612e-02]
   [-1.82147529e-02]
   [-6.67160237e-03]
   [-1.77171323e-02]
   [-3.24536264e-02]]

  [[ 6.59454316e-02]
   [ 4.23751511e-02]
   [-4.05278755e-03]
   [-1.50814857e-02]
   [-9.86041967e-03]
   [ 1.02427945e-01]
   [ 8.95720795e-02]
   [ 2.23408472e-02]
   [-1.83344241e-02]
   [-2.84785242e-03]
   [ 1.15112580e-01]
   [-2.85463128e-03]
   [-7.67858624e-02]
   [ 4.85000014e-02]
   [-1.35856750e-03]
   [ 1.19686816e-02]
   [-2.10240129e-02]
   [ 3.12485103e-03]
   [ 1.30124301e-01]
   [ 4.33922969e-02]
   [-1.13385450e-02]
   [ 1.19591076e-02]
   [ 1.37399852e-01]
   [ 3.24522108e-02]
   [ 1.26499394e-02]
   [-8.45312886e-03]
   [ 4.90035191e-02]
   [ 7.08365962e-02]
   [-1.50532618e-01]
   [ 3.77685763e-03]
   [ 1.56297922e-01]
   [ 8.06519464e-02]]

  [[ 4.01558690e-02]
   [ 7.43410736e-02]
   [ 2.73721367e-02]
   [ 1.26143442e-02]
   [-7.60438759e-03]
   [ 9.22683254e-02]
   [ 8.59673247e-02]
   [ 7.23566581e-03]
   [ 1.81391872e-02]
   [ 1.29100634e-02]
   [ 1.68523669e-01]
   [ 1.50543591e-02]
   [ 4.54883166e-02]
   [-1.37799442e-01]
   [ 4.15221974e-02]
   [ 1.37381321e-02]
   [ 4.14057024e-04]
   [ 2.69499626e-02]
   [-7.18459263e-02]
   [-1.38539329e-01]
   [ 3.68604958e-02]
   [ 2.29179189e-02]
   [ 1.37567386e-01]
   [ 2.06248686e-02]
   [ 3.45777124e-02]
   [ 1.07220327e-02]
   [-1.39855474e-01]
   [ 9.07676071e-02]
   [ 6.25805464e-04]
   [ 1.78456232e-02]
   [ 2.15282425e-01]
   [ 1.06468387e-01]]

  [[ 9.81001300e-04]
   [-8.13681781e-02]
   [ 1.79940660e-03]
   [-1.06589515e-02]
   [-1.20783811e-02]
   [ 4.55625579e-02]
   [-3.23516697e-01]
   [ 1.17489854e-02]
   [ 5.21281408e-03]
   [-3.64071399e-04]
   [-1.39442869e-02]
   [-5.50613366e-03]
   [-4.32190411e-02]
   [ 1.02320828e-01]
   [ 1.50364460e-02]
   [ 2.11030692e-02]
   [-4.91846004e-04]
   [ 7.49794906e-03]
   [-1.37083381e-01]
   [ 9.97866914e-02]
   [ 2.94469018e-02]
   [ 5.61941823e-04]
   [ 2.30778586e-02]
   [-1.02394249e-03]
   [ 4.74663032e-03]
   [-2.36543696e-02]
   [-6.41666427e-02]
   [ 6.40972853e-02]
   [-9.48471352e-02]
   [-1.09979082e-02]
   [ 6.97597563e-02]
   [ 5.24183623e-02]]

  [[-7.48253912e-02]
   [-5.46676666e-02]
   [-2.23982632e-02]
   [-2.30038762e-02]
   [ 3.23091540e-03]
   [ 3.06788832e-03]
   [-1.08580537e-01]
   [-2.23010108e-02]
   [ 1.59637835e-02]
   [-2.44222041e-02]
   [ 5.74043058e-02]
   [-7.88029656e-03]
   [-4.75673862e-02]
   [ 6.40750080e-02]
   [-1.77048650e-02]
   [-1.57246534e-02]
   [-1.08224498e-02]
   [-2.59512458e-02]
   [-4.02591318e-01]
   [-1.54174447e-01]
   [-1.41237769e-02]
   [-1.03976158e-02]
   [-1.06639601e-03]
   [-1.76924132e-02]
   [-3.33469957e-02]
   [-3.68121900e-02]
   [-1.32068649e-01]
   [ 5.04559278e-02]
   [ 8.04401562e-03]
   [-1.85079090e-02]
   [-1.60300471e-02]
   [-3.67049277e-02]]

  [[-8.75291005e-02]
   [ 3.71625945e-02]
   [-3.35082412e-02]
   [-3.12776528e-02]
   [ 1.55775936e-03]
   [-2.08988530e-03]
   [-2.63922364e-02]
   [-3.87637727e-02]
   [ 1.24730011e-02]
   [-4.69649211e-02]
   [ 9.55687687e-02]
   [-3.45286704e-03]
   [-3.31715792e-02]
   [-1.77726388e-01]
   [-2.04369109e-02]
   [-3.79931666e-02]
   [-3.98162790e-02]
   [-3.03566661e-02]
   [ 1.42906979e-01]
   [-8.84455889e-02]
   [-9.17815883e-03]
   [-3.02028712e-02]
   [-1.00385947e-02]
   [-4.06642258e-02]
   [-3.10229473e-02]
   [-2.90858727e-02]
   [ 1.24148108e-01]
   [-8.55717110e-04]
   [ 9.32091661e-03]
   [-3.62749733e-02]
   [-1.31907593e-02]
   [-1.29229734e-02]]]


 [[[-1.03828847e-01]
   [ 3.31985317e-02]
   [-3.31701115e-02]
   [-2.35822648e-02]
   [ 8.67958926e-03]
   [-2.75236666e-02]
   [ 9.47724953e-02]
   [-3.18794288e-02]
   [ 4.80834115e-03]
   [-9.85502824e-03]
   [ 5.96064553e-02]
   [-2.06262507e-02]
   [-1.03930663e-02]
   [-2.61252075e-01]
   [-4.60491795e-03]
   [-1.61348134e-02]
   [-3.54236513e-02]
   [-2.85294428e-02]
   [ 4.75147627e-02]
   [ 2.09275372e-02]
   [-2.76842844e-02]
   [-4.25365418e-02]
   [-6.05083667e-02]
   [-1.73698701e-02]
   [-3.31520364e-02]
   [-4.57184166e-02]
   [ 1.38959363e-01]
   [-3.62876169e-02]
   [ 5.60092218e-02]
   [-3.85207087e-02]
   [-6.06446490e-02]
   [-2.24178284e-02]]

  [[-5.53377233e-02]
   [-8.33682120e-02]
   [-2.47532222e-02]
   [-4.70260195e-02]
   [-2.87194178e-03]
   [-2.02634390e-02]
   [-6.31944910e-02]
   [-8.99974536e-03]
   [ 3.68508766e-03]
   [-3.51507515e-02]
   [-7.66808838e-02]
   [-2.36997753e-02]
   [-2.85828393e-03]
   [ 1.46092445e-01]
   [-2.00147927e-02]
   [-8.08403548e-03]
   [-6.73995316e-02]
   [-3.53028812e-02]
   [-1.15637854e-01]
   [ 3.04012179e-01]
   [-2.40123104e-02]
   [-2.72454582e-02]
   [-5.24111167e-02]
   [-3.08514927e-02]
   [-3.56366560e-02]
   [-3.94853279e-02]
   [-8.33055377e-02]
   [-7.75128929e-03]
   [ 1.02718929e-02]
   [-7.07755610e-03]
   [-4.07447927e-02]
   [-6.60973638e-02]]

  [[ 2.69636456e-02]
   [-2.97258273e-02]
   [-2.21897103e-02]
   [-2.85492055e-02]
   [-4.48645186e-03]
   [ 2.57852636e-02]
   [-1.54206846e-02]
   [ 4.29959549e-03]
   [ 8.09051748e-03]
   [-2.24214289e-02]
   [-8.75441134e-02]
   [ 2.33355304e-03]
   [-1.08502276e-01]
   [ 3.09234206e-02]
   [-1.25824949e-02]
   [-7.67433597e-03]
   [-2.19486523e-02]
   [-3.30155194e-02]
   [-1.24891903e-02]
   [-2.47442976e-01]
   [-2.56656222e-02]
   [-1.99403688e-02]
   [ 7.40750926e-03]
   [-1.08689880e-02]
   [-1.25119518e-02]
   [-2.83557735e-02]
   [-6.55187666e-02]
   [ 1.51122771e-02]
   [ 1.31990481e-02]
   [-2.75441613e-02]
   [ 3.47059146e-02]
   [-8.50053318e-03]]

  [[ 3.28073315e-02]
   [ 1.64901149e-02]
   [ 1.50956744e-02]
   [-8.32115114e-03]
   [-9.29296482e-03]
   [ 3.30868699e-02]
   [-7.83333480e-02]
   [-1.42701827e-02]
   [ 2.57780566e-03]
   [-5.41796628e-03]
   [-1.32755429e-01]
   [-4.81351418e-03]
   [ 1.28498701e-02]
   [-6.95850840e-03]
   [ 1.65554732e-02]
   [ 1.48925176e-02]
   [-4.46062833e-02]
   [-7.37858936e-03]
   [ 2.13881340e-02]
   [-1.76228836e-01]
   [-3.01935757e-03]
   [-3.17289913e-03]
   [ 1.57659140e-03]
   [-1.67438027e-03]
   [-1.54830758e-02]
   [-3.61190960e-02]
   [ 1.40053704e-01]
   [ 6.44661784e-02]
   [-9.36453044e-02]
   [-8.85972846e-03]
   [ 8.16674903e-02]
   [ 1.24187227e-02]]

  [[ 7.39525706e-02]
   [-4.80013750e-02]
   [-2.07257960e-02]
   [-3.09471712e-02]
   [-1.50502147e-02]
   [-2.38300394e-02]
   [-1.60282962e-02]
   [-2.42778640e-02]
   [-5.07696765e-03]
   [-3.77220474e-02]
   [-1.54615834e-01]
   [-9.01953410e-03]
   [-5.10069430e-02]
   [ 3.29838693e-02]
   [ 6.78457646e-03]
   [-3.19161974e-02]
   [-3.88972200e-02]
   [-2.94030271e-02]
   [ 5.00939339e-02]
   [ 2.76923746e-01]
   [-1.72315724e-02]
   [-1.83775686e-02]
   [-4.14569937e-02]
   [-1.02884704e-02]
   [-2.14398261e-02]
   [-3.74784954e-02]
   [-9.93846059e-02]
   [ 4.46096547e-02]
   [ 3.99328135e-02]
   [-1.28699467e-02]
   [-2.32860111e-02]
   [-3.01050991e-02]]

  [[ 1.92570090e-02]
   [-1.73562784e-02]
   [-3.35552506e-02]
   [-3.96813229e-02]
   [ 1.51611511e-02]
   [-3.90243307e-02]
   [-5.24263233e-02]
   [-1.48546025e-02]
   [ 1.24928709e-02]
   [-4.24192846e-02]
   [-4.86182608e-03]
   [-1.26034338e-02]
   [-5.32970093e-02]
   [-3.59687917e-02]
   [-1.59366876e-02]
   [-1.91120692e-02]
   [-4.56605963e-02]
   [-3.83724347e-02]
   [ 1.88740417e-01]
   [ 4.11232263e-01]
   [-4.15088870e-02]
   [-2.33012419e-02]
   [-4.88555320e-02]
   [-5.22855632e-02]
   [-1.75207537e-02]
   [-5.39289303e-02]
   [-5.88313024e-03]
   [ 1.44057153e-02]
   [-7.85370469e-02]
   [-2.52192076e-02]
   [-4.88808714e-02]
   [-6.90930113e-02]]

  [[ 8.90042353e-03]
   [ 7.53868520e-02]
   [-3.26988325e-02]
   [-4.78824303e-02]
   [ 7.56423979e-04]
   [-1.25049250e-02]
   [-2.10293457e-02]
   [-4.91579957e-02]
   [ 9.71971080e-03]
   [-2.95665357e-02]
   [-5.25063500e-02]
   [-7.98170362e-03]
   [-1.50906425e-02]
   [ 8.72167125e-02]
   [-2.44373661e-02]
   [-1.24038858e-02]
   [-3.87986489e-02]
   [-4.34067138e-02]
   [ 4.40674415e-03]
   [-2.33449787e-01]
   [-2.00433973e-02]
   [-3.29167843e-02]
   [-2.35820394e-02]
   [-5.51873781e-02]
   [-3.06374915e-02]
   [-3.97399627e-02]
   [ 3.81958522e-02]
   [-2.01533991e-03]
   [ 7.72563228e-03]
   [-1.55188525e-02]
   [-3.62383425e-02]
   [-1.33258244e-02]]]


 [[[-3.25117558e-02]
   [ 1.20112032e-01]
   [-4.14506756e-02]
   [-3.36047336e-02]
   [-8.32572114e-03]
   [-4.48199213e-02]
   [-3.40484411e-01]
   [-5.69230765e-02]
   [ 1.39784804e-02]
   [-2.07399428e-02]
   [-1.34509891e-01]
   [-1.99570246e-02]
   [ 2.77752597e-02]
   [ 1.25815999e-02]
   [-2.62521394e-02]
   [-3.19431759e-02]
   [-2.23580208e-02]
   [-5.74022941e-02]
   [ 1.61782727e-01]
   [-1.27046183e-01]
   [-3.30759883e-02]
   [-2.64679734e-02]
   [-3.85722565e-03]
   [-4.13431339e-02]
   [-4.52362373e-02]
   [-3.06386463e-02]
   [-6.88069034e-03]
   [-3.46492156e-02]
   [ 6.67158887e-02]
   [-3.96845713e-02]
   [-1.84379034e-02]
   [ 2.95697935e-02]]

  [[-1.66633487e-01]
   [-9.76988766e-03]
   [-1.95723809e-02]
   [-3.59173641e-02]
   [-1.24853225e-02]
   [-7.80434068e-03]
   [-8.48998874e-02]
   [-2.81243697e-02]
   [ 3.31016653e-03]
   [-2.79303100e-02]
   [ 8.27718154e-02]
   [-1.91719849e-02]
   [ 5.26324436e-02]
   [ 1.38598047e-02]
   [-2.58657187e-02]
   [-1.33744190e-02]
   [-6.16959967e-02]
   [-3.36682834e-02]
   [-1.38622195e-01]
   [-9.78561118e-02]
   [-3.20133083e-02]
   [-3.14158909e-02]
   [-4.33328375e-02]
   [-4.03381363e-02]
   [-3.11228037e-02]
   [-2.95819398e-02]
   [ 8.61321855e-03]
   [-5.37369773e-03]
   [ 1.84043124e-02]
   [-3.92718427e-02]
   [-3.95616516e-02]
   [-2.06459481e-02]]

  [[-3.05183977e-02]
   [-5.41622341e-02]
   [-2.81976033e-02]
   [-3.77791859e-02]
   [ 2.53161276e-03]
   [ 2.18659732e-02]
   [-2.93295290e-02]
   [-2.69730557e-02]
   [ 4.69342049e-04]
   [-3.75631675e-02]
   [ 1.56063661e-01]
   [-2.75832601e-02]
   [-5.10972645e-03]
   [-1.04274079e-01]
   [-2.64825001e-02]
   [-2.85946224e-02]
   [-5.72556145e-02]
   [-7.61449151e-03]
   [-2.15665698e-01]
   [ 3.09661865e-01]
   [-2.71658320e-02]
   [-2.65980475e-02]
   [-3.82674374e-02]
   [-3.17288078e-02]
   [-1.55395102e-02]
   [-3.27403359e-02]
   [-4.03585285e-02]
   [-1.73445977e-02]
   [ 1.53294476e-02]
   [-3.39203961e-02]
   [-2.81112678e-02]
   [-9.64535773e-03]]

  [[-6.56865016e-02]
   [ 2.25816178e-03]
   [-2.14879103e-02]
   [-3.21608596e-02]
   [ 3.95345647e-04]
   [-2.26788362e-03]
   [-1.25232175e-01]
   [-3.02015524e-02]
   [ 1.41241113e-02]
   [-2.69914828e-02]
   [-3.22053172e-02]
   [-1.37890540e-02]
   [ 3.34573910e-02]
   [-3.79978754e-02]
   [-8.13423842e-03]
   [-3.79109289e-03]
   [-4.56547923e-02]
   [-4.14919928e-02]
   [ 1.13670677e-01]
   [-1.49020046e-01]
   [-2.53286380e-02]
   [-1.48396762e-02]
   [-4.85718362e-02]
   [-1.13194948e-02]
   [-9.02929460e-05]
   [-2.95510050e-02]
   [-7.25914398e-03]
   [ 3.10549159e-02]
   [ 2.37478223e-02]
   [-2.08615512e-02]
   [-2.16477104e-02]
   [-2.85963900e-02]]

  [[ 4.33126539e-02]
   [ 2.14439351e-02]
   [-9.97131318e-03]
   [-4.44894359e-02]
   [-1.98669191e-02]
   [-3.21033821e-02]
   [-1.02984466e-01]
   [-5.76551370e-02]
   [ 5.48394956e-03]
   [-2.00379845e-02]
   [-1.87193453e-02]
   [-1.66060906e-02]
   [ 1.96947716e-02]
   [-4.56950888e-02]
   [-2.61354856e-02]
   [-3.03397123e-02]
   [-7.52572790e-02]
   [-3.63287963e-02]
   [-9.32751074e-02]
   [-2.39851642e-02]
   [-5.28929383e-02]
   [-2.65435614e-02]
   [-9.14235860e-02]
   [-2.11655423e-02]
   [-1.62026137e-02]
   [-5.16429394e-02]
   [ 3.38376127e-02]
   [ 1.83460151e-03]
   [ 1.37763824e-02]
   [-3.43224965e-02]
   [-9.22661051e-02]
   [-2.62614544e-02]]

  [[ 3.56982835e-02]
   [ 5.27036674e-02]
   [-3.53820845e-02]
   [-2.78002750e-02]
   [ 7.26354634e-03]
   [-4.21496034e-02]
   [ 9.81563404e-02]
   [-4.48329411e-02]
   [ 2.51760636e-03]
   [-2.30480991e-02]
   [ 1.87575936e-01]
   [-2.37978548e-02]
   [ 2.66858805e-02]
   [-2.00444028e-01]
   [-8.34229868e-03]
   [-2.18592752e-02]
   [-6.42326921e-02]
   [-4.04325686e-02]
   [-8.81188884e-02]
   [-5.40726371e-02]
   [-2.34572403e-02]
   [-3.82120796e-02]
   [-1.63511969e-02]
   [-3.32630277e-02]
   [-1.73598416e-02]
   [-3.16162929e-02]
   [ 7.30472505e-02]
   [ 4.04765084e-03]
   [ 6.25474378e-02]
   [-2.08824873e-02]
   [-5.23545183e-02]
   [-3.98453809e-02]]

  [[-1.67099405e-02]
   [ 8.36612843e-03]
   [ 2.13215151e-03]
   [-2.86404621e-02]
   [-2.42292788e-02]
   [-1.73615590e-02]
   [-2.54091769e-01]
   [-5.89016117e-02]
   [ 3.10629513e-02]
   [-3.00091077e-02]
   [-1.05900012e-01]
   [-3.12612318e-02]
   [ 3.89915891e-02]
   [-4.08647954e-02]
   [-1.54210962e-02]
   [-1.88970547e-02]
   [-1.67236887e-02]
   [-2.58983243e-02]
   [-1.53487742e-01]
   [-7.86591843e-02]
   [-2.13329084e-02]
   [-2.28646435e-02]
   [ 2.42104754e-02]
   [-2.20678505e-02]
   [-3.20851393e-02]
   [-4.46756221e-02]
   [-7.35805035e-02]
   [-1.13459947e-02]
   [ 7.63137937e-02]
   [-2.26354841e-02]
   [-2.24166960e-02]
   [ 2.25112382e-02]]]]