[-0.55257434 -0.25639918 -0.13782354  0.07704643 -0.02436038 -0.30459443
 -0.5142085  -0.10599238  0.04474337 -0.69441503 -0.13054599 -0.00104107
 -0.41344023 -0.11665289 -0.38917375 -0.35315296 -0.0160196  -0.1109741
 -0.26879236 -0.22778668 -0.22737242 -0.2821115   0.03721351 -0.2332555
 -0.09102201 -0.05852514 -0.5644362  -0.4929868  -0.17590266 -0.01104827
  0.05500914 -0.06546463 -0.11875737 -0.23574723  0.13214807 -0.06217138
 -0.15705995  0.05207366 -0.23803058 -0.2627214  -0.57229793 -0.48520035
 -0.14185847 -0.50756437 -0.19920391  0.09947038 -0.3767654  -0.0264027
 -0.43040597 -0.47328997 -0.02513603 -0.20619953 -0.02460245 -0.39521736
 -0.4424525  -0.21610872 -0.1062196  -0.05849773 -0.24563804 -0.12809606
 -0.2119229  -0.25920102  0.10946818 -0.19969456]