[[[[-2.66142958e-03 -1.20167613e+00  1.06820390e-02 -4.02193181e-02
     2.15679430e-03 -6.29902817e-04  4.84684072e-02 -1.85853206e-02
    -1.64571207e-03  6.26295730e-02 -2.69912053e-02  5.07545881e-02
    -1.94509570e-02 -5.70742972e-03 -1.00809395e+00 -3.20784980e-03
    -1.90608297e-03  2.85480823e-02 -6.17383234e-02 -3.00865970e-03
    -4.26720195e-02 -1.79608643e-01 -1.25442669e-02 -5.25858290e-02
    -3.08652800e-02  7.65398592e-02  1.29815061e-02 -4.30520251e-03
    -2.36286093e-02  3.16945836e-03 -4.99953300e-01 -4.56054471e-02]
   [ 1.22061111e-02 -1.58952206e-01 -1.85062438e-02 -3.02130487e-02
    -4.20924043e-03 -2.57064793e-02  3.27724479e-02 -1.33616123e-02
    -5.95348049e-03 -3.72310013e-01 -3.45864613e-03  5.16407453e-02
    -5.26999272e-02 -4.46959026e-02 -2.88559765e-01  6.79209009e-02
     6.72811195e-02 -5.05910479e-02  1.24138873e-02  1.10531561e-02
    -3.98825444e-02  1.06735729e-01 -4.47769910e-02  7.84576908e-02
    -3.74926105e-02  3.69064026e-02  1.02921434e-01 -5.03756711e-03
     1.11158122e-03  9.34617147e-02 -1.67109162e-01 -1.76718719e-02]
   [-2.51851957e-02  4.32089828e-02 -1.44334733e-01 -3.83313783e-02
    -1.26122339e-02 -7.00675175e-02 -3.49026024e-02 -3.88696007e-02
    -1.56438071e-02  6.44271541e-03 -5.13001047e-02  1.02983259e-01
     3.64682712e-02 -5.20395152e-02 -1.16638258e-01  4.20782119e-02
     2.03670785e-02 -5.33995926e-02  4.92628431e-03 -1.32938643e-04
    -2.90379208e-02 -2.59795468e-02 -4.16778103e-02 -1.98129192e-02
    -5.36430106e-02  1.85986720e-02 -3.09854634e-02 -2.56677195e-02
    -1.68795045e-02  6.98472373e-03 -1.90416165e-02 -4.74736914e-02]
   [ 2.40312014e-02 -3.51877511e-01 -1.34013155e-02 -7.44195804e-02
    -2.70869229e-02 -5.43733733e-03 -3.69021967e-02 -1.11372741e-02
     2.08272203e-03 -1.13582298e-01  3.87281575e-03 -1.75483488e-02
    -7.30935298e-03 -3.85686718e-02 -7.25672916e-02 -5.67460619e-03
     6.01121001e-02  2.02347394e-02  1.75361219e-03 -2.69881636e-02
    -4.34904546e-03 -3.65925014e-01  1.49884662e-02 -2.84876162e-03
    -4.59898077e-03  8.30448717e-02  3.80274430e-02 -1.62246358e-02
    -1.28347157e-02  2.58134641e-02 -7.38594681e-02  1.64611693e-02]
   [-3.61886062e-02 -2.02403143e-01  8.05088226e-03 -2.62811165e-02
    -1.62229948e-02 -3.90278362e-02  1.21637173e-02 -9.24143009e-03
    -9.31524672e-03 -4.92211320e-02 -3.81585024e-02 -1.89235136e-02
    -1.75102696e-01 -3.94617841e-02 -3.16124447e-02  2.86275492e-04
     4.62217955e-03  2.17954232e-03 -4.05510403e-02 -5.63898310e-03
    -4.88547161e-02  6.09297713e-05 -4.97436943e-03 -1.10394079e-02
    -4.71416907e-03 -8.89885426e-03  5.44012561e-02 -2.83148773e-02
    -2.84267459e-02 -4.63697426e-02 -2.79488444e-01 -2.24973857e-02]
   [-3.96015383e-02  3.91729504e-01  6.55548461e-03 -1.02916975e-02
    -1.43881654e-02  4.25861217e-03  9.17207077e-02 -3.05343624e-02
    -6.32462278e-03  1.06676698e-01  6.65239664e-03 -6.70138001e-02
     1.68600172e-01 -6.05305564e-03  2.11900488e-01 -3.04204095e-02
     3.76892462e-02  2.17536733e-01 -1.16504453e-01 -2.57999431e-02
    -5.05873300e-02  9.32760760e-02 -7.07769990e-02  2.33373735e-02
     1.54878385e-02  7.68624339e-03 -2.39492878e-01 -1.56802665e-02
    -2.33155256e-03  2.20695958e-02 -4.91857082e-01 -3.09742633e-02]
   [ 3.25187594e-02 -2.04621837e-01 -5.19369431e-02 -5.64132668e-02
    -2.00023688e-02 -1.72996558e-02 -1.41626656e-01  1.85199606e-04
    -1.07395193e-02 -3.63084137e-01  3.36052775e-02  1.19184867e-01
     2.78247982e-01 -4.33984809e-02 -3.46055552e-02 -1.73426755e-02
     5.91328479e-02  4.53748666e-02  5.25108762e-02 -9.66413226e-03
    -2.74798553e-02  6.75205737e-02 -3.27248387e-02  7.75682703e-02
    -1.22017175e-01  7.25931972e-02  2.45699048e-01 -2.38508917e-02
    -6.03988534e-03  1.68040410e-01 -9.46741164e-01 -2.83730160e-02]
   [-1.57053513e-03  8.60728510e-03 -5.55812940e-02  4.05173952e-04
     6.52747694e-03 -1.72861130e-03 -2.87172981e-02 -1.08396988e-02
     3.90622990e-05  2.60421485e-02 -1.27781918e-02 -1.61491111e-02
     2.45987941e-02  1.30179431e-02 -9.80343204e-03  1.26125850e-02
     1.79148410e-02 -1.12915819e-03  2.92367674e-02 -7.14169163e-03
    -9.67159029e-03 -3.99608277e-02  8.84549879e-03  4.69761640e-02
     6.06867205e-03  9.47200786e-03  5.08121029e-02 -4.74909740e-03
     1.86679680e-02 -8.93150456e-03  5.50776301e-03 -1.72655913e-03]
   [-3.26615348e-02  2.29917258e-01  9.81046446e-03  1.81978103e-02
    -2.73082335e-03  3.11659575e-02  8.67021531e-02 -1.46215772e-02
    -1.68031473e-02 -1.06231244e-02 -1.63992457e-02  8.93780738e-02
    -9.96321738e-02 -3.22194509e-02  1.65471628e-01 -1.42239146e-02
     3.07448534e-03  6.74926490e-02  2.81736165e-01  1.11156777e-02
     2.58453190e-03  2.02745810e-01  1.00668119e-02  2.09664255e-02
    -4.55200411e-02 -2.54783891e-02  7.13673159e-02 -3.82573670e-03
    -1.17914947e-02 -3.63171808e-02  2.62910575e-01 -1.62198767e-02]
   [-3.06354463e-02 -1.57639012e-01 -4.38106544e-02  6.28532097e-03
    -5.92788588e-03 -2.10870826e-03  2.77074822e-03 -4.76515628e-02
    -6.80409884e-03 -9.85464174e-03 -4.22244007e-03 -7.53508694e-03
    -3.70671786e-02 -2.73703295e-03 -2.47084856e-01 -5.64090500e-04
     2.21651420e-02  1.16625475e-02 -2.24236175e-02 -1.34683186e-02
    -3.44792083e-02  2.59763971e-02 -1.20042555e-03 -1.26018254e-02
     1.33870076e-02  4.39551733e-02 -6.22392781e-02 -1.03149517e-02
     2.19511683e-03 -5.51307295e-03 -1.26179546e-01 -1.20774563e-02]
   [ 1.53063727e-03  1.08572453e-01  1.74270179e-02 -1.42559400e-02
    -1.17920209e-02 -3.32394280e-02 -5.26462449e-03 -9.32249799e-03
     4.73603723e-04  1.03360154e-01 -9.75912362e-02  2.20847875e-01
     1.22283556e-01 -4.80444469e-02  9.15005952e-02 -6.91762045e-02
    -6.41585141e-02  1.54700741e-01  8.67174119e-02 -5.06985700e-03
    -4.15919237e-02 -3.58710378e-01 -5.71342185e-03  9.56439301e-02
    -1.45618513e-01 -1.36907801e-01  2.18421258e-02 -2.28393823e-02
     4.66678618e-03 -9.62225571e-02  2.97891140e-01 -5.84249059e-03]
   [ 5.18775694e-02  1.72323763e-01 -1.81725789e-02 -4.68335748e-02
    -1.35764526e-02 -1.14220195e-02 -6.68838900e-03 -2.03341208e-02
    -1.39863947e-02 -4.84479517e-02  1.46701336e-02 -1.77449450e-01
     1.48299905e-02 -1.51817016e-02 -2.40045354e-01 -1.49309663e-02
    -1.13998264e-01  8.14460814e-02 -1.56255309e-02 -1.47239380e-02
    -4.38612550e-02  4.67190072e-02  2.41092145e-02 -4.31904867e-02
     3.00962031e-02 -5.24778962e-01 -1.82403266e-01 -3.05524021e-02
    -1.73568334e-02 -2.09953427e-01  3.25413465e-01 -2.97073778e-02]
   [-2.27791481e-02  1.92735121e-01  3.88241769e-03 -7.66730821e-03
     9.27920453e-03 -4.81340066e-02 -1.10693842e-01 -9.43518244e-03
    -9.08683811e-04  1.33402660e-01 -2.07130499e-02 -1.06011689e-01
    -1.56441987e-01 -3.53364870e-02  6.94107711e-02 -4.67680953e-03
     9.24594793e-03  3.47479880e-02 -7.78954551e-02 -3.48467915e-03
    -3.36716771e-02 -5.82097135e-02  4.55330946e-02 -3.16787437e-02
    -7.57718980e-02  3.32240044e-04  2.99624689e-02 -2.24045920e-03
     8.06039106e-03 -4.06086862e-01  4.00708526e-01  1.76559836e-02]
   [ 6.27224892e-03  1.18907869e-01 -9.32739861e-03 -3.85918021e-02
     4.87377541e-03 -8.96951556e-03 -1.52747026e-02 -1.91797223e-02
    -5.31415921e-03  4.44319770e-02 -2.20813304e-02  5.84872104e-02
     1.33540720e-01 -2.03765966e-02 -4.85599637e-02  2.51752734e-02
    -7.30064586e-02  1.48648337e-01 -7.69981802e-01  8.45155027e-03
     3.04376543e-03 -1.18451595e-01 -1.74245313e-02  1.01648709e-02
     5.67917190e-02 -6.55303150e-02  3.16664204e-02  8.98493512e-04
    -1.04125198e-02  4.10349518e-02 -9.65945795e-02 -1.81177277e-02]
   [-9.89387627e-04 -6.12948060e-01 -1.06446721e-01 -1.04995957e-02
     4.47385013e-03 -8.58690962e-03 -2.02809852e-02 -1.89555492e-02
    -2.23120884e-03 -2.68630058e-01 -1.23425610e-02 -2.25277632e-01
    -1.53158569e+00  8.49498529e-03 -2.03935653e-01  3.53066213e-02
     8.79209116e-02 -2.90881515e-01 -3.38388562e-01 -2.19015367e-02
    -3.94222476e-02  5.36549747e-01 -6.27524033e-02  1.70326158e-01
    -7.95930102e-02  1.23332471e-01  1.18497118e-01 -1.13851367e-03
    -2.35947478e-03 -8.87071639e-02 -5.67450583e-01 -2.29239520e-02]
   [-8.12394172e-03  1.31446766e-02  2.56444197e-02  2.05381587e-02
    -2.04080492e-02 -7.60891475e-03  1.36422040e-02 -1.45845639e-03
     2.91541358e-03  8.34463816e-03  2.06734473e-03  1.84973027e-03
     1.91913848e-03 -1.09072588e-02  1.33433770e-02  1.34883039e-02
    -2.29611900e-03  3.06647527e-03 -4.13430706e-02 -2.62959749e-02
    -6.56517642e-03  2.95812245e-02  4.44958173e-02  3.56851034e-02
    -3.84604279e-03  3.43386293e-03  9.07299947e-03 -7.42592849e-03
    -2.65288502e-02  1.43604586e-02 -4.78338599e-02 -3.63985216e-03]
   [ 2.66179610e-02  1.31081827e-02 -5.18117007e-03  3.50339198e-03
    -1.63155701e-02 -7.17503019e-03  3.49490382e-02 -1.74820777e-02
     3.34847369e-03 -2.07679602e-03 -4.63080406e-03  1.63207820e-03
    -1.96325313e-02 -1.22340387e-02 -3.34093086e-02  8.90497677e-03
    -1.47508699e-02  6.77831005e-03 -1.39208026e-02 -2.61873356e-03
     2.71805841e-03 -6.93083880e-03 -1.23181187e-01  4.43344191e-03
     5.19072916e-03  1.11267464e-02  3.68824154e-02 -2.49734577e-02
    -9.74475115e-04 -1.49250329e-02  1.02328854e-02 -5.21011557e-03]
   [-6.97052293e-03  1.48518840e-02 -3.08824442e-02  4.62825224e-03
     1.68490261e-02 -1.13264555e-02 -1.34555409e-02  3.88010684e-03
    -1.18440781e-02 -4.12025154e-02 -7.34661153e-05 -8.49123858e-03
    -1.34962262e-03 -9.67256445e-03  3.17511754e-03  2.55535375e-02
     2.32174667e-03  5.26809227e-03 -7.70046283e-03 -7.42840394e-03
    -3.00710485e-03 -3.21905538e-02  6.08289754e-03  4.19797599e-02
    -2.94749218e-04 -1.69522930e-02  4.34604846e-02 -4.08526976e-03
    -1.34238461e-02 -1.51003464e-04 -8.52083508e-03 -5.01764845e-03]
   [-5.68965357e-03  1.84307601e-02 -7.10014552e-02 -3.99645185e-03
     3.60345445e-03  6.98096119e-03 -3.58107523e-03 -1.42055210e-02
    -1.51728634e-02  6.59509515e-03  2.54884711e-03 -2.08716281e-03
    -1.37164472e-02 -4.15015826e-03  1.54514266e-02  7.61687430e-03
    -3.50782648e-03 -9.80160694e-05  1.51252393e-02 -6.62235823e-03
    -1.27148498e-02  6.70350809e-03 -1.34707743e-03 -8.45354330e-03
     1.90794505e-02 -1.24126235e-02  9.02488176e-03 -5.82116097e-03
    -1.23809595e-02  1.55462474e-02  3.80764424e-04  1.15487082e-02]
   [ 2.18830220e-02 -1.34087447e-02  6.66155443e-02 -1.73314344e-02
    -3.43043059e-02 -2.95534413e-02  1.01833142e-01 -1.99971385e-02
    -2.50296406e-02 -7.60869589e-03 -2.90838033e-02  8.56397226e-02
    -5.79148121e-02 -3.78510244e-02  3.33424479e-01  3.14198583e-02
     1.22248651e-02  7.30583072e-02 -2.43023527e-03  1.65942721e-02
    -3.24845091e-02  4.39911010e-03 -5.31098945e-03 -2.23038159e-02
    -4.92244139e-02  6.57692959e-04  1.23634614e-01 -6.69566216e-03
    -1.14305960e-02 -1.25573846e-02  2.32112017e-02 -8.03731661e-03]
   [-2.05206890e-02  6.01790920e-02 -7.03044562e-03  1.32663744e-02
     3.91496951e-03 -3.33265364e-02  2.29151726e-01 -2.17958894e-02
    -8.87194648e-03  1.15172997e-01  5.23917899e-02 -5.19575588e-02
    -1.54578267e-02 -3.81464213e-02  2.51864251e-02  5.73316477e-02
    -1.16825931e-01 -1.56337142e-01 -6.57161251e-02 -2.42208540e-02
    -2.68744715e-02  2.07578212e-01 -4.53502219e-03  2.89925218e-01
     3.57759595e-02  4.47803251e-02  1.71758652e-01 -1.93695668e-02
    -9.36946087e-03 -5.34143075e-02 -8.67693592e-03 -2.19087601e-02]
   [ 7.14123202e-03  4.33760673e-01 -2.18109608e-01  6.52108109e-03
     3.00129666e-03 -2.86432146e-03  2.11419389e-01 -1.25243952e-02
    -3.67322974e-02  1.45549268e-01  2.40452848e-02  2.77541399e-01
     4.05394167e-01 -3.66059877e-02  8.83723021e-01 -1.48133680e-01
    -1.74601480e-01  3.14965099e-01  3.76209438e-01 -1.84825268e-02
    -9.24243592e-03  4.37850237e-01  1.05750829e-01 -4.32120264e-01
     1.64591558e-02  1.23019353e-01  5.12511730e-01  7.55579968e-05
    -5.40430425e-03  1.32066220e-01 -1.55995622e-01  1.22632377e-03]
   [-5.99156767e-02  2.36126445e-02  6.63078278e-02 -5.02105244e-03
    -1.98248378e-03 -2.03917436e-02 -4.12537158e-02  1.64618716e-03
     9.76852025e-04 -4.64657955e-02  1.03726769e-02 -5.28519489e-02
    -1.86134651e-02 -2.46830285e-03  1.78322539e-01 -4.76234686e-03
    -3.03343660e-03  3.72093264e-03 -1.91302970e-02 -1.74774472e-02
    -1.45543618e-02  1.83873922e-01 -8.76553915e-03  2.14689542e-02
     4.50478382e-02 -1.94577370e-02 -2.95110345e-02 -1.07984133e-02
    -2.13541929e-02 -5.66280745e-02  7.78944716e-02 -2.17000078e-02]
   [-6.85772998e-03  6.93141520e-01  7.85256773e-02 -5.44972112e-03
    -6.59982068e-03 -6.14706613e-03  5.75531907e-02 -7.85155036e-03
     4.95958258e-04  1.85113698e-01 -2.61453912e-02  1.91229478e-01
    -3.00884783e-01 -2.00408120e-02  3.42096463e-02 -7.28519037e-02
    -2.19370484e-01  1.17866926e-01 -6.40520871e-01 -2.36546597e-03
    -1.63938757e-02  4.84179944e-01  1.12906545e-01  1.35203535e-02
    -1.87943503e-02 -1.29645750e-01 -2.86021262e-01 -1.01161152e-02
    -1.56973340e-02 -7.16748655e-01  1.35658249e-01  6.49609137e-03]
   [-4.44940217e-02 -1.17040463e-01 -2.91323084e-02 -6.05869340e-04
     4.30233963e-03  3.40352859e-03 -1.19994618e-02 -4.60320478e-03
    -4.59412560e-02  2.60109995e-02 -5.10749780e-02 -5.99036478e-02
    -6.45803586e-02 -4.24092636e-02 -3.45751405e-01 -4.95355693e-04
    -7.20885992e-02  4.47856225e-02 -9.73963290e-02 -1.66624673e-02
    -2.97992490e-02 -8.11566114e-01 -5.84836863e-03 -1.05286781e-02
    -8.37203264e-02  7.02646449e-02 -1.97699323e-01 -1.29419062e-02
    -2.10480373e-02 -1.03187701e-03  9.15957540e-02 -3.87703255e-02]
   [ 4.69047576e-03  1.27693452e-02  2.89141089e-02  6.46195188e-03
    -9.43550467e-03 -1.74812637e-02  1.84419714e-02 -5.78839052e-03
    -1.47986058e-02 -5.32755852e-02 -2.08289176e-03 -7.23968213e-03
    -4.21530148e-03 -2.41109767e-04  1.29566779e-02  4.27966285e-03
     6.89855171e-03 -1.51506264e-03  2.88977027e-02 -1.47942761e-02
     8.54505785e-03  3.53147946e-02  2.31661536e-02  2.69077439e-02
    -3.98189202e-03  1.63516530e-03  1.81999672e-02  8.81417305e-04
    -9.58160870e-03  1.56370196e-02 -4.70770011e-03 -4.95316926e-03]
   [-1.13351047e-02 -3.25889885e-02 -4.01740670e-02 -5.93301244e-02
    -1.43809905e-02  4.17134911e-03 -2.63100099e-02 -3.76674836e-03
    -2.28616893e-02 -1.34763932e-02 -7.18728919e-03 -1.07937222e-02
    -1.16603002e-02 -1.75426155e-02  2.29961220e-02  2.43594889e-02
    -2.11299919e-02 -3.47761847e-02  2.19744444e-02  3.14466283e-03
    -1.11807021e-03 -3.49269062e-02 -1.73996612e-02 -1.38255432e-02
     1.63567588e-02  1.74051430e-02 -2.47845873e-02 -2.95815966e-03
    -1.44300759e-02  2.20421888e-02 -2.01576427e-02 -3.21927890e-02]
   [-1.75110698e-02 -2.37158760e-02  5.43616228e-02 -5.50883599e-02
     4.98751318e-03 -6.55104294e-02 -4.20096181e-02 -8.22908524e-03
    -3.75517085e-02  9.44561064e-02 -1.20774517e-02  9.59525034e-02
     1.51036102e-02 -3.54396142e-02  1.43976003e-01 -1.24649901e-03
     1.74093980e-03 -4.65369923e-03  1.36855453e-01 -1.83832971e-03
    -3.24330889e-02  3.25367749e-02  6.59779413e-03  1.77764893e-03
    -7.01300278e-02 -9.13388208e-02  1.54649049e-01  1.26181440e-02
     4.44889721e-03  5.25612384e-02 -2.77005807e-02 -5.05877957e-02]
   [-2.88378284e-03 -4.32876870e-03  1.17315892e-02 -5.36284223e-03
    -6.43814355e-03 -1.21503249e-02 -2.22397447e-02  8.05769209e-03
     3.95420333e-03 -6.20908430e-03 -3.72807519e-03  4.45728377e-03
     3.66480392e-03 -6.47855503e-03  9.13707912e-03  2.77263485e-02
    -1.06406091e-02 -9.57826246e-03  5.12243100e-02 -1.49395913e-02
     5.01944171e-03  4.24263440e-02  2.83427145e-02 -5.19565046e-02
    -5.41015016e-03  5.08206151e-03  7.27551850e-03 -9.75087937e-03
    -2.11589374e-02  1.71203222e-02  2.44068019e-02 -1.73873287e-02]
   [-2.94591691e-02 -2.71534435e-02  1.07517838e-02  1.26223007e-04
    -6.31858595e-03 -1.94547735e-02  2.82074027e-02  1.23713883e-02
     4.89056436e-03  8.07577893e-02  6.91995490e-04  1.10609457e-01
    -3.61264795e-01 -2.96277981e-02  1.84292197e-01  3.72216403e-02
    -1.00531116e-01  1.55651167e-01  3.63646001e-01 -2.28599049e-02
    -5.18520027e-02  1.77037224e-01  5.30166253e-02 -1.10335037e-01
     2.55862642e-02 -5.59818894e-02 -2.41684005e-01 -1.51400995e-02
    -8.77484120e-03 -1.02529585e-01 -1.21909268e-02  3.98941012e-03]
   [-3.92426699e-02  2.05216440e-03 -3.41819972e-02 -1.66023930e-03
    -9.65918787e-03 -9.87458881e-03 -4.90832143e-02 -4.32642456e-03
    -1.33104976e-02 -2.63262130e-02  6.20728871e-03 -1.62386000e-02
    -3.21907215e-02 -5.30297942e-02 -8.79443958e-02  1.73200795e-04
    -1.25385346e-02 -2.10248604e-02  1.86499655e-02 -8.38245638e-03
    -2.97470875e-02 -1.12246364e-01  1.95917720e-03  2.32585687e-02
    -2.94030979e-02  2.37883441e-03 -2.20218495e-01 -1.38846068e-02
    -1.36921303e-02 -1.47960991e-01 -5.15194908e-02 -2.73324531e-02]
   [-2.74375267e-02 -1.80287659e-02  1.78612527e-02 -2.64648627e-02
     6.06891280e-03 -6.80250227e-02 -5.97099997e-02 -2.93100998e-02
    -2.04762854e-02 -8.34598169e-02 -3.79494987e-02 -2.36459915e-02
    -2.90594269e-02 -4.74139564e-02 -1.39439087e-02  4.57640029e-02
     4.70235851e-03  5.55591471e-02 -6.17748417e-04 -1.46759264e-02
    -2.67673209e-02 -8.75868574e-02 -7.61663681e-03 -4.34941389e-02
    -6.17137291e-02 -8.29352438e-03 -1.04217105e-01 -1.28038824e-02
    -1.86631978e-02 -2.22515855e-02 -1.54460780e-02 -2.91487575e-02]
   [-5.31512313e-02 -1.42056942e-01  3.06375064e-02 -1.29109444e-02
    -8.27424787e-03 -1.92750879e-02  3.27568278e-02 -6.25587627e-03
    -2.23342865e-03 -6.77361786e-02 -3.27808894e-02  1.46110311e-01
     1.26694128e-01 -3.08637880e-02 -5.68798929e-03 -5.13619860e-04
     9.15457979e-02  1.21729961e-02  1.16745345e-01  1.05452370e-02
    -4.04747091e-02 -1.64689168e-01 -1.10761449e-02  6.30923919e-03
    -6.62422851e-02 -1.82394609e-02  5.53994514e-02 -1.13561768e-02
    -7.65018351e-03  9.18627679e-02 -1.05604999e-01 -2.17160508e-02]
   [-3.71004790e-02  5.93488365e-02 -2.86171567e-02 -5.55174276e-02
    -7.67320162e-03 -3.43766361e-02  3.47367791e-03 -2.30913633e-03
    -1.52785489e-02 -1.72079131e-02 -3.76937054e-02  3.87279540e-02
     3.40710464e-03 -3.19348425e-02  5.26481010e-02 -1.06714014e-02
     2.05369741e-02  3.32809128e-02 -2.11732499e-02 -1.27014769e-02
    -3.79586630e-02 -3.05955485e-02  9.53437109e-03  3.98208015e-03
    -3.11905034e-02 -5.22318855e-02 -2.03216355e-02 -2.09226157e-03
    -9.07493941e-03 -1.38811693e-02 -3.22357923e-01 -1.88809969e-02]
   [-1.19932061e-02 -6.05092049e-01  1.06367394e-01 -1.61452976e-03
    -1.61316581e-02 -1.32109541e-02  2.67330743e-03 -1.13693718e-02
     7.96113815e-03 -1.67905256e-01 -1.39666256e-02 -7.70808831e-02
    -2.99802069e-02 -1.74189806e-02  5.55188805e-02 -4.04457562e-03
    -3.72042246e-02  6.30099028e-02  3.77818011e-02 -2.23064180e-02
    -1.61243714e-02 -1.16094582e-01 -2.07959674e-03  1.74795333e-02
    -3.89619134e-02 -7.42384866e-02 -6.76599666e-02 -1.33514069e-02
    -4.33720127e-02 -1.00114822e-01  3.01068217e-01 -1.42311146e-02]
   [-1.96555834e-02  9.80058908e-02 -6.87861666e-02  6.97323866e-03
    -1.31056830e-02 -6.51241234e-03  2.26867665e-02 -8.02729977e-04
    -8.14071915e-04  2.20134072e-02  4.46714554e-03  7.30961412e-02
     9.18864980e-02 -2.86035612e-02  2.11117357e-01 -5.62239513e-02
    -9.79120657e-02  8.24057031e-03  1.15510330e-01  2.03477553e-04
    -9.43569746e-03 -5.19067466e-01  5.65346591e-02  6.88176528e-02
    -6.44075722e-02  4.69817482e-02  9.12306160e-02 -4.67917789e-03
    -1.16538657e-02  7.75248408e-02 -3.43467027e-01 -2.92407605e-03]
   [-1.93917460e-03  2.10834444e-02  7.99839757e-03  6.59633707e-03
    -9.33746994e-03 -7.37805211e-04  1.16463304e-02 -8.03178735e-03
    -1.83514338e-02 -2.19834782e-03  1.98803656e-02 -9.42213461e-03
     2.63159126e-02  3.44556826e-03 -1.27489888e-03 -2.28394512e-02
     1.38810547e-02  2.18189452e-02  3.60132307e-02 -8.13329592e-03
    -2.31262501e-02 -1.71892927e-03 -3.83009724e-02 -1.19601227e-02
    -3.59574729e-03 -5.80556877e-03  2.61597149e-02 -1.00659141e-02
    -1.05784955e-02  1.98907852e-02 -1.17350994e-02 -1.72390863e-02]
   [-3.92906964e-02  1.49279982e-01  2.70650312e-02  7.15875579e-03
     3.00855236e-03 -2.27053687e-02  6.34500943e-03 -1.02767237e-02
    -7.90023990e-03  4.82585095e-03 -5.20745590e-02  3.12846825e-02
    -1.34124374e-02 -2.81563308e-02  8.37301686e-02 -5.83918300e-04
     2.52475555e-04  1.41631365e-02  4.71254103e-02 -4.16758619e-02
    -4.14628945e-02 -2.70178970e-02  5.31714689e-03 -1.97341908e-02
     2.00010417e-03  1.75053894e-03  1.02858273e-02 -1.07174013e-02
    -1.85577869e-02  6.64215986e-05  1.70524105e-01 -5.24200127e-02]
   [-4.59288247e-02  1.62586287e-01  1.04584262e-01 -7.63741415e-03
    -8.72716866e-03 -3.41468044e-02  3.49006616e-02 -6.17307785e-04
     9.12853424e-03  1.81078427e-02 -5.30990958e-02  1.34691820e-01
     6.61965385e-02 -3.90679911e-02  7.93796033e-02 -2.69094179e-03
     1.92734543e-02  4.13902812e-02  6.44637123e-02 -3.56997848e-02
    -2.79713068e-02  4.22964171e-02  1.80426612e-03 -1.27406782e-02
    -8.15188885e-02 -1.55883096e-03  9.13052112e-02  9.93428752e-03
    -2.29024626e-02  4.68556210e-02 -2.38113880e-01 -4.19710800e-02]
   [-5.41922748e-02 -2.16299593e-01 -5.71947731e-02 -3.14620249e-02
    -5.34000807e-03  5.80904819e-03  3.30050401e-02  3.93352378e-03
    -9.00370348e-03 -2.08606740e-04 -1.83782410e-02  1.00208700e-01
     4.15253602e-02  9.50960442e-03 -9.16214436e-02 -7.37898936e-03
     7.45145604e-02 -3.88884805e-02  6.75338134e-02 -1.55490423e-02
    -3.62922922e-02 -2.37461939e-01  1.78888068e-02  1.88391916e-02
    -1.94782261e-02  9.93071571e-02  1.61464170e-01 -1.85676608e-02
    -1.06352894e-02  5.85348457e-02 -3.25549752e-01  1.02321226e-02]
   [ 6.99623115e-03  1.56005332e-03 -2.46698479e-03  7.35659245e-03
     1.38110202e-02 -2.56115478e-02 -1.53209073e-02 -9.02511831e-03
    -1.12241590e-02  1.12517169e-02 -5.29264240e-03  1.08454153e-01
    -1.14999749e-02  6.11306168e-04 -1.26645563e-03  3.99753712e-02
    -2.05595214e-02 -1.40787568e-02 -1.27922429e-03 -4.62239003e-03
    -9.26478487e-03 -2.71568913e-02 -1.59633183e-03  1.96864549e-02
     1.83969531e-02  7.62751652e-03 -1.90624129e-03 -1.73821673e-02
    -2.29651742e-02 -4.59457980e-03  2.72918474e-02 -1.34837441e-03]
   [-1.74648315e-02 -1.49687128e-02 -4.21293080e-02 -9.23908688e-03
    -2.16707448e-03  6.16503600e-03 -4.30141352e-02 -9.44902841e-03
    -2.27548033e-02 -3.43820713e-02  1.65865682e-02 -1.25004509e-02
    -4.86526079e-03 -1.28507083e-02  6.94274157e-03  4.60132305e-03
    -1.83876418e-02  2.01808717e-02  2.65539605e-02 -1.45649584e-02
    -2.12238040e-02 -2.76807733e-02  1.04783075e-02 -5.47142588e-02
    -2.62260507e-03 -2.38120998e-03  2.99788881e-02 -1.24385515e-02
    -4.91107395e-03 -1.63870510e-02  1.77847147e-02  3.74537567e-03]
   [-1.89752597e-02  1.87081676e-02 -6.92808330e-02  1.68415792e-02
     7.01744901e-03 -2.13997485e-03 -3.45102660e-02 -1.17034884e-02
    -2.00494863e-02 -9.21553373e-02  1.75073687e-02  1.67282321e-03
     1.02208732e-02  2.63743196e-03 -1.74710788e-02 -9.10534337e-03
    -6.35830592e-03  3.39615531e-03  2.92380806e-02  7.62588857e-03
    -1.86604878e-03 -3.30676548e-02 -6.00052066e-03 -1.59740802e-02
     1.42183201e-02  7.06289615e-03 -4.02466208e-02 -1.37564121e-02
    -1.12464726e-02  2.52979398e-02  1.37278845e-03  8.59870168e-04]
   [-2.97950171e-02 -9.56353694e-02 -4.38638628e-02  1.64582077e-02
    -3.38240620e-03  3.21490050e-04  1.61433369e-02  4.68585175e-03
    -3.99809033e-02  3.15673389e-02 -3.65710147e-02 -1.67928442e-01
    -2.25255247e-02 -4.53042798e-02  3.33242454e-02 -1.70131717e-02
    -3.94764952e-02 -9.84598696e-02 -1.25874549e-01 -8.05680081e-03
    -2.46681031e-02  3.31538469e-01  3.87200043e-02  6.42581284e-02
    -6.38532266e-02 -5.53229675e-02 -3.03535592e-02  6.17289869e-03
    -3.95707320e-03 -6.54202580e-01 -2.27597743e-01 -1.20513942e-02]
   [ 3.67534603e-03  8.92594233e-02  1.32031471e-01 -1.33374706e-02
    -1.71476528e-02 -1.43433977e-02 -6.16596997e-01 -8.98737274e-03
    -1.04967793e-02 -2.76453476e-02 -3.57899554e-02 -1.96078226e-01
     1.68990612e-01 -2.46665701e-02  1.36933431e-01 -2.70023867e-02
    -1.86104611e-01 -4.54914309e-02  6.37308508e-02  8.74760188e-03
     2.23801695e-02  1.64707661e-01  2.33797394e-02 -1.71779972e-02
    -1.93243828e-02 -1.45347029e-01 -8.43150988e-02 -8.97394866e-03
    -6.05988409e-03 -1.69772059e-01 -5.06196804e-02 -1.00261485e-02]
   [-2.17400175e-02  2.08920300e-01  8.83349925e-02 -1.09611154e-02
    -7.52055878e-03 -2.76993141e-02 -2.06860974e-02 -1.21847326e-02
    -1.77271254e-02  4.10781913e-02  3.24711879e-03 -5.40865995e-02
    -9.14407521e-02 -2.68510561e-02  4.84313853e-02  8.14419414e-04
    -1.53163206e-02 -1.17475875e-02 -6.95224553e-02 -1.68751366e-02
    -5.61209349e-03 -4.63446938e-02 -1.20618436e-02 -3.83712091e-02
    -1.44929886e-02 -7.72574171e-02 -4.66313884e-02 -2.96993251e-03
    -2.66647097e-02 -7.73076713e-02 -1.27174571e-01  2.03477442e-02]
   [-4.13157465e-03 -3.99318516e-01 -7.04160705e-02 -4.84427959e-02
    -1.06514152e-02 -1.45196924e-02  5.07878028e-02  6.00842410e-04
    -1.36660691e-02 -9.81427953e-02 -5.08668087e-02  2.83943675e-02
     2.37889457e-02 -5.68745472e-02 -1.30771863e+00 -1.35450400e-02
     6.84625059e-02  3.21579389e-02 -2.17566472e-02  8.03884678e-03
    -3.70107144e-02  2.47233048e-01  1.92944221e-02  3.55838388e-02
    -3.86936218e-02  1.04283588e-02 -1.08458035e-01  2.65414640e-03
     4.09502909e-03 -1.52350971e-02 -3.34925279e-02  2.75763310e-02]
   [-4.59290035e-02 -4.01458353e-01 -1.64186247e-02 -3.38130593e-02
    -2.32904851e-02 -4.49700989e-02  4.28908281e-02 -2.85163671e-02
    -5.43856360e-02 -9.99902338e-02 -1.14994058e-02 -1.15582040e-02
     3.61165106e-02 -8.00418258e-02  4.99045923e-02  1.51254906e-04
    -5.68969315e-03 -4.90018241e-02  7.00255111e-02 -3.39224488e-02
    -3.07822060e-02 -3.57960075e-01 -5.58039034e-03 -1.75273861e-03
    -5.26497103e-02 -5.69363646e-02  5.55104669e-03 -1.71067286e-02
    -2.95804366e-02 -6.65189549e-02 -1.04144566e-01 -7.86213353e-02]
   [-4.17602137e-02 -1.01793580e-01 -4.74701971e-02 -3.29829529e-02
     2.09192606e-03  4.31576371e-03  1.52690737e-02 -1.40301874e-02
    -8.30848701e-04 -3.47538181e-02 -1.09420586e-02  1.24920629e-01
     1.22526936e-01 -2.80139456e-03  1.05524093e-01 -2.60916515e-03
     1.16196452e-02 -1.34227257e-02  2.20667675e-01 -2.52082180e-02
    -4.85658683e-02  1.91603363e-01  8.58397502e-03  8.98736436e-03
     3.11983004e-02 -1.17585640e-02  1.37712643e-01 -1.63041223e-02
    -6.82081503e-04  1.24551877e-01 -3.28633070e-01  3.44723416e-03]
   [ 6.17568556e-04 -2.70506203e-01  1.29311472e-01  1.18128404e-01
    -2.49943305e-02 -3.42954812e-03  3.52040231e-02 -3.28412391e-02
    -2.23239753e-02 -6.94174170e-02  4.40062359e-02  6.32195473e-02
    -1.73994582e-02 -4.21407297e-02  5.20967364e-01 -5.40856784e-03
     6.36986550e-03 -4.04159445e-03  1.49166480e-01 -1.10686943e-02
    -3.15575339e-02 -1.00628905e-01  7.66963791e-03  4.48387451e-02
     5.92702739e-02  2.90198088e-01  8.81166086e-02 -4.89192898e-04
    -1.30633749e-02  9.49982479e-02 -5.02061665e-01  8.01938213e-03]
   [-3.80961262e-02  4.09153663e-02 -4.23370004e-02  4.71679084e-02
    -6.87603233e-03 -8.89531057e-03  2.13735804e-01 -7.79586984e-03
    -3.26639749e-02  1.76474899e-01  4.11096811e-02 -1.43647507e-01
    -2.49105513e-01 -4.18394469e-02  7.68422037e-02  1.11308701e-01
    -1.97557714e-02 -2.53376395e-01 -7.39895105e-02  6.81870326e-04
    -5.46392947e-02 -2.71242559e-01  1.36639580e-01  2.79902250e-01
     9.34347324e-03 -1.26463488e-01  1.13885470e-01 -1.02000963e-02
    -1.09349787e-02 -1.83479086e-01  1.47760119e-02  8.61209165e-03]
   [-4.46586572e-02 -9.04019997e-02 -1.29074976e-01 -4.44919169e-02
    -1.90706775e-02 -7.48853907e-02 -3.22853494e-03 -4.45235707e-02
    -6.47118688e-02  9.49515309e-03 -3.46612483e-02 -1.95552781e-02
     9.30913985e-02 -5.70824705e-02 -4.25370149e-02  1.52223520e-02
     2.69249380e-02 -9.25099775e-02  5.70278894e-03 -6.66040406e-02
    -3.26993801e-02 -5.94935827e-02  2.35718954e-02 -1.94330253e-02
    -7.60699660e-02 -1.86338704e-02 -5.53707778e-02 -2.08524950e-02
    -7.14044366e-03  5.61166462e-03 -6.03414588e-02 -5.17814234e-02]
   [-1.42818075e-02  8.74430407e-03  3.97166423e-03  1.05907824e-02
    -1.28236506e-02 -7.07840640e-03 -2.43880711e-02 -1.99187919e-02
    -1.50257330e-02 -2.88972426e-02 -1.69747956e-02 -6.99329795e-03
    -2.30798945e-02  1.58154417e-03 -2.75005735e-02 -1.81930028e-02
     9.54016205e-03  2.66455649e-03 -3.79525758e-02  1.40990624e-02
    -6.36992417e-03 -1.04308808e-02 -1.75306050e-03 -2.40592137e-02
     1.53086167e-02  9.51463077e-03  9.31736827e-03 -4.84653004e-03
     1.57534126e-02  5.37127373e-04 -1.14513375e-02  9.18916659e-04]
   [-3.49820852e-02 -3.35258633e-01 -7.02042319e-03 -5.26602603e-02
    -6.09497353e-03 -5.08361720e-02  1.93340313e-02  7.14970613e-03
    -8.87899008e-03 -3.44359279e-02 -2.68799867e-02 -1.36337295e-01
    -2.18405172e-01 -2.98608821e-02 -7.20147267e-02  2.03590054e-04
    -5.00050336e-02  7.96946809e-02 -1.05932146e-01 -1.24194747e-04
    -1.41807357e-02 -3.28082293e-02 -9.04087792e-04  4.78698901e-04
    -1.86352339e-02 -1.08360983e-01 -2.40671441e-01 -1.73277501e-02
    -3.65605112e-04 -3.16975057e-01 -1.53231889e-01 -1.18126543e-02]
   [-2.26777587e-02 -4.67587352e-01 -2.81774695e-03 -4.72854599e-02
    -9.22020897e-03 -3.76734845e-02 -2.31183469e-02 -2.66867806e-03
    -1.53729590e-02 -1.13040455e-01  9.14266799e-03 -6.86922520e-02
     3.07067763e-03 -3.37635688e-02 -3.82275432e-01 -8.73685721e-03
     6.68599159e-02  9.35374293e-03 -1.00620031e-01  2.53834703e-04
    -4.41458263e-02 -2.33190224e-01  2.99520027e-02  8.12325161e-03
    -6.96595535e-02  1.05525278e-01  7.97551125e-03 -1.04187690e-02
     2.52709049e-03 -3.39024998e-02  9.42559391e-02  2.37448942e-02]
   [-3.96441221e-02 -5.58295939e-03  2.47548208e-01 -5.60920089e-02
    -1.98746286e-02 -6.55252784e-02  2.83631869e-02 -3.21629085e-02
    -1.24073839e-02  3.16535160e-02 -5.56494854e-02 -1.49363473e-01
    -1.09222226e-01 -5.14245257e-02  2.89967693e-02  7.65213594e-02
    -1.24356695e-01  1.60280447e-02 -6.39133006e-02 -9.49991122e-03
    -2.74621192e-02 -6.59243688e-02  6.01450726e-02  3.39465565e-03
    -6.61019012e-02 -1.26767708e-02 -1.37556389e-01 -2.78082676e-02
    -2.57418044e-02 -7.36190528e-02 -1.84260495e-02 -2.77381223e-02]
   [-1.76142417e-02 -1.20314788e-02  1.18446983e-02 -6.48362469e-03
    -5.57512790e-03 -1.41256293e-02  8.60205945e-03  3.92826460e-03
    -2.45880466e-02  2.24337894e-02  3.53762181e-03 -3.83186247e-03
     8.11143871e-03  9.04896483e-03  3.00225220e-04  1.72236376e-02
     3.69606307e-03  1.66247934e-02  2.28221305e-02 -7.27632258e-04
    -4.87567065e-03  5.77108748e-02  1.41822975e-02  2.91018821e-02
    -1.24908956e-02  1.36401905e-02  1.01990645e-05 -8.00016709e-03
    -1.24591086e-02  1.32312276e-03  2.16688570e-02  3.81729659e-03]
   [-1.99789386e-02  1.52015373e-01  6.43098578e-02 -3.26802060e-02
    -3.00541375e-04 -7.72048533e-03  2.67292317e-02 -7.12743821e-03
    -9.40517243e-03 -6.14300631e-02 -3.97185497e-02  1.53384194e-01
     1.18749402e-01 -4.39538285e-02  9.82434377e-02 -1.05973065e-03
     3.77408117e-02  4.32862267e-02  9.45833772e-02 -9.52860527e-03
    -1.67763028e-02  3.01952921e-02  6.11326564e-03 -6.07872196e-03
    -8.56644511e-02  2.58836597e-02  1.41208410e-01  2.18456611e-02
     5.03720064e-03  1.01344824e-01  2.03656983e-02 -3.68058272e-02]
   [-2.12594625e-02  3.54551128e-03 -3.36973853e-02 -3.30843665e-02
    -2.01208331e-02 -4.35174145e-02  4.12507243e-02 -4.69749086e-02
    -5.63902557e-02 -8.22652876e-02 -4.05758210e-02 -2.95025613e-02
     6.94431132e-03 -6.45509288e-02  2.76283221e-03  1.23750477e-03
    -1.59984659e-02  3.95140275e-02 -4.07944694e-02 -1.13079716e-02
    -3.46564576e-02 -8.58350024e-02  3.20075871e-03  4.62122541e-03
    -3.34723368e-02  5.86074451e-03  8.88401549e-03 -1.52055817e-02
    -1.66826732e-02  1.06918968e-01 -3.80647093e-01 -4.96008992e-02]
   [-8.42856243e-03  3.70375551e-02 -4.25543189e-02 -4.42759076e-04
     1.87792827e-03 -6.03789289e-04 -2.45062616e-02 -8.64418410e-03
    -3.57030588e-03  3.66758648e-03  1.96045055e-03  5.90626104e-03
     8.92219506e-03 -2.82088714e-03  8.80534761e-03  3.64826880e-02
     2.66257487e-02  1.50604043e-02 -2.49891914e-02  3.03585711e-03
    -6.27926493e-05 -3.09187174e-02  1.42085487e-02  1.16288261e-02
     1.88390426e-02  7.49950483e-03 -5.81193669e-03 -6.30514417e-03
    -2.06911303e-02 -1.84355874e-03 -3.13366391e-03  4.53832513e-03]
   [-2.72800419e-02 -5.16144112e-02 -5.65156154e-03 -4.66612801e-02
     4.17147437e-03 -3.93404327e-02 -7.31159793e-03 -3.38438526e-02
    -1.03737377e-02 -1.04008720e-03 -3.04203462e-02  9.58471093e-04
     1.90765187e-01 -2.26857048e-02 -3.71212885e-03 -3.33635893e-04
     1.63558102e-03  2.21622866e-02  7.13044265e-03 -3.36573869e-02
    -3.18308510e-02 -1.60996132e-02  3.49171227e-03  7.99075700e-03
    -3.67486617e-03 -1.45327458e-02  5.29146530e-02 -2.26475275e-03
     5.71024232e-03  1.50910877e-02  7.55020082e-02 -5.37617095e-02]
   [-4.19160761e-02 -5.39972007e-01 -1.66784912e-01  3.23092006e-02
    -1.54658454e-02 -2.50488962e-03 -1.11928180e-01 -1.13558825e-02
    -1.43318027e-02 -4.07802731e-01  1.76474527e-02  2.79520869e-01
     3.80126715e-01 -1.00478251e-02 -2.99285889e-01  1.09722346e-01
    -3.58335562e-02  2.79030830e-01 -3.28070559e-02 -1.02525381e-02
    -5.05385511e-02 -1.60989743e-02  9.45540741e-02 -5.56619428e-02
     4.28379625e-02 -6.73860982e-02  7.78483748e-02 -9.83867794e-03
    -3.86615749e-03  3.91508460e-01  5.29104955e-02 -1.69015042e-02]
   [-4.07385044e-02 -2.19026431e-01 -3.75410318e-02  6.28067506e-03
    -3.59102036e-03 -2.92712860e-02 -6.02851436e-02  6.48548733e-03
    -1.67227499e-02  5.51381856e-02 -3.48176360e-02  2.04802528e-02
     1.19496644e-01 -4.02559973e-02 -2.27548838e-01 -2.80884327e-04
    -2.18895152e-02  4.15639952e-02 -1.32649951e-02 -1.31405545e-02
    -4.43094112e-02 -2.97848117e-02  1.32874178e-03 -3.14263115e-03
    -6.04720488e-02  7.73226470e-02  1.78673729e-01 -1.93912610e-02
    -7.45031284e-04 -2.35404987e-02 -9.82291698e-01 -1.10030975e-02]
   [-4.20595668e-02 -3.80207002e-01 -4.51794490e-02  7.79225351e-03
    -4.48384089e-03 -2.41969004e-02 -6.13367744e-03 -2.08141226e-02
    -1.82622559e-02 -2.98057664e-02 -2.50576157e-02 -2.03053504e-02
    -2.26954911e-02 -2.41958313e-02 -1.91215295e-02 -4.77022072e-03
     9.39320121e-03  8.47465359e-03 -3.47147211e-02 -1.57671398e-03
    -1.98188592e-02 -9.11796615e-02  4.23473446e-03  2.23276159e-03
    -1.41485105e-03  2.09323820e-02 -4.92859781e-02 -2.89490465e-02
    -1.14649618e-02 -1.42457243e-03 -3.47494073e-02 -2.88990662e-02]]]]