[ 0.23090942 -0.05676422 -0.02237796  0.04999838  0.65995    -0.14810663
  0.081962   -0.03361943  0.3249866  -0.00535296  0.12912035 -0.2872125
 -0.08188523  0.6349668  -1.3804834  -0.01181816 -0.01171955 -0.0297681
 -0.02966557  0.10169481 -0.04070068  0.10658236 -0.17272739 -0.46847016
  0.5209472  -0.03070241 -0.06346104  0.05406246 -0.04091059  0.14825976
 -0.06394577  0.01791571  0.18627688  0.16796474 -0.16658157 -0.18220241
 -0.03035862 -0.07124302  0.05350436 -0.1869816  -0.01013517 -0.02739435
 -0.00360509 -0.11513572 -0.19969876 -0.58525085  0.08123887  0.20590365
 -0.6150105  -0.6463291  -0.05017092 -0.04003363 -0.00965964 -1.1008098
 -0.11322565 -0.00612745 -0.0367841   0.10532314 -0.02777709 -0.02042359
  0.47576866 -0.6780804  -0.01412408 -0.09173974]