[[[[ 3.44898626e-02]
   [-3.28455344e-02]
   [ 1.38736377e-02]
   [ 1.01302611e-02]
   [-2.98358896e-03]
   [-1.31007610e-02]
   [-6.24192599e-03]
   [ 8.36974289e-03]
   [-2.14258991e-02]
   [ 1.31675620e-02]
   [-4.54083271e-03]
   [-3.76831368e-03]
   [ 1.41575988e-02]
   [-3.16834673e-02]
   [-2.61276844e-03]
   [-3.74730900e-02]
   [-3.36778769e-03]
   [-1.11589348e-02]
   [ 5.99781889e-03]
   [ 4.49077971e-03]
   [-2.40774266e-02]
   [-1.40063101e-02]
   [ 2.12774659e-03]
   [ 1.33540975e-02]
   [-6.65781498e-02]
   [ 9.70947091e-03]
   [ 1.80193204e-02]
   [ 2.11266838e-02]
   [-1.49697601e-03]
   [-3.41267302e-03]
   [-5.48861688e-03]
   [-2.63455343e-02]]

  [[ 2.72817127e-02]
   [ 1.52832307e-02]
   [ 7.27410689e-02]
   [ 3.13008483e-03]
   [-9.24685877e-03]
   [-1.36960614e-02]
   [ 3.63383372e-03]
   [-7.34214345e-03]
   [-2.26489715e-02]
   [ 8.91108345e-03]
   [-1.21203335e-02]
   [-3.56765911e-02]
   [ 5.58900228e-03]
   [-2.88268980e-02]
   [ 9.72712121e-04]
   [-3.08504794e-02]
   [-3.74622876e-03]
   [ 3.77554749e-03]
   [ 2.27896087e-02]
   [-1.36255603e-02]
   [-3.76204699e-02]
   [ 9.01647378e-03]
   [-3.43348831e-02]
   [ 2.07532384e-03]
   [-4.83563580e-02]
   [-1.63897523e-03]
   [-3.27501609e-03]
   [ 1.85411584e-04]
   [ 1.15857804e-02]
   [ 4.52337367e-03]
   [-5.30390674e-03]
   [-3.07752807e-02]]

  [[-1.65037680e-02]
   [ 1.60472188e-02]
   [ 2.35728417e-02]
   [-2.13048924e-02]
   [ 2.70571210e-03]
   [-1.47927776e-02]
   [-1.93946697e-02]
   [ 2.15433333e-02]
   [-2.66260654e-02]
   [-6.28306251e-03]
   [-1.56050744e-02]
   [-1.27907591e-02]
   [-8.63468833e-03]
   [-3.49327959e-02]
   [-4.51993011e-03]
   [-2.13577468e-02]
   [-2.52805580e-03]
   [ 1.74336601e-02]
   [-1.87558010e-02]
   [ 1.04358932e-02]
   [-4.43312973e-02]
   [ 1.34377684e-02]
   [-7.45218024e-02]
   [-1.45496177e-02]
   [-5.54401651e-02]
   [ 4.13302751e-03]
   [ 4.92640911e-03]
   [-3.17761645e-04]
   [ 6.45521609e-03]
   [ 2.85740923e-02]
   [ 4.14791377e-03]
   [-8.12101364e-03]]

  [[ 5.35560437e-02]
   [ 1.63600373e-03]
   [ 1.10872379e-02]
   [-2.86296662e-02]
   [ 9.47105978e-03]
   [-1.94881056e-02]
   [ 1.19104758e-02]
   [ 2.41485648e-02]
   [-4.45421301e-02]
   [ 2.13758275e-02]
   [ 5.10924961e-04]
   [ 6.67326152e-03]
   [ 3.83463921e-03]
   [-1.97851900e-02]
   [-2.36796793e-02]
   [-1.77301243e-02]
   [-1.36076342e-02]
   [-4.28274740e-03]
   [-1.40014207e-02]
   [ 1.22446008e-02]
   [-2.67586578e-02]
   [-1.22900447e-03]
   [-1.55407405e-02]
   [-2.34391168e-02]
   [-1.71600766e-02]
   [ 2.26213690e-03]
   [ 5.70306380e-04]
   [-2.06221710e-03]
   [ 7.44807185e-04]
   [ 3.12531255e-02]
   [ 7.88629428e-03]
   [ 2.02117879e-02]]

  [[ 5.85797839e-02]
   [ 1.21700037e-02]
   [ 1.24355638e-02]
   [-2.73190923e-02]
   [ 7.51021178e-03]
   [-5.94155043e-02]
   [ 2.25000829e-02]
   [-6.63206959e-03]
   [-2.62873806e-02]
   [ 2.41011921e-02]
   [-1.09852143e-02]
   [-1.10389409e-03]
   [-2.17651948e-02]
   [-2.29314212e-02]
   [-1.16439173e-02]
   [-1.55317057e-02]
   [ 4.32410231e-03]
   [ 1.39973778e-02]
   [-2.71206582e-03]
   [ 7.16758892e-04]
   [-8.41474254e-03]
   [ 1.94315147e-02]
   [-3.76052484e-02]
   [-1.56823881e-02]
   [-4.80579659e-02]
   [ 2.08558049e-02]
   [-1.87918115e-02]
   [ 3.42871482e-03]
   [ 1.57313012e-02]
   [-4.03577127e-02]
   [ 2.86520030e-02]
   [ 2.53252182e-02]]

  [[ 4.12364118e-02]
   [-6.77870400e-03]
   [ 5.07555678e-02]
   [-9.58062150e-03]
   [ 1.74534693e-02]
   [ 7.40009407e-03]
   [-1.17835747e-02]
   [ 8.10223259e-03]
   [-3.73770855e-03]
   [-4.08648979e-03]
   [-1.15680536e-02]
   [-3.53136137e-02]
   [-1.30172092e-02]
   [-1.04178563e-02]
   [ 9.54743847e-03]
   [-3.17229070e-02]
   [-2.67287978e-04]
   [ 8.80664680e-03]
   [ 2.71614604e-02]
   [ 7.82242231e-03]
   [-1.43039925e-02]
   [ 9.17708687e-03]
   [-2.42853463e-02]
   [ 1.15219699e-02]
   [-4.22198139e-02]
   [ 2.85909581e-03]
   [-1.54856741e-02]
   [-2.78364372e-04]
   [ 8.36935267e-03]
   [ 9.89335240e-05]
   [ 3.48309763e-02]
   [ 4.48388346e-02]]

  [[ 3.94472033e-02]
   [-3.87114915e-03]
   [ 1.10155232e-02]
   [-1.63948291e-03]
   [-2.36415610e-04]
   [-4.87865731e-02]
   [ 8.37324187e-04]
   [-9.79583804e-03]
   [-3.98151278e-02]
   [ 6.41555665e-03]
   [-1.55634284e-02]
   [-2.13370402e-03]
   [ 2.58615036e-02]
   [-2.36607064e-02]
   [-1.02038858e-02]
   [-3.92079763e-02]
   [-9.73198935e-03]
   [ 4.06957418e-03]
   [ 1.21980021e-02]
   [ 7.67710712e-03]
   [-3.73174697e-02]
   [ 1.54938307e-02]
   [ 2.00510193e-02]
   [ 5.80957532e-03]
   [-5.30925542e-02]
   [-5.70998713e-03]
   [-2.77464068e-03]
   [-2.64755427e-03]
   [-8.40485038e-04]
   [ 1.85382552e-02]
   [-3.03276535e-02]
   [-1.81299634e-02]]]


 [[[ 2.26837397e-02]
   [ 9.87743493e-03]
   [ 5.19139394e-02]
   [-5.68242220e-04]
   [-6.82919985e-04]
   [-5.81743643e-02]
   [-6.99715456e-03]
   [ 1.53929554e-02]
   [-3.49448286e-02]
   [-1.99804758e-03]
   [-1.29828127e-02]
   [-3.32108885e-02]
   [ 1.85807154e-03]
   [-2.92401258e-02]
   [-1.77957339e-03]
   [-2.06423420e-02]
   [ 5.18031698e-03]
   [ 4.20156121e-02]
   [ 1.72909759e-02]
   [-8.78253859e-03]
   [-1.77371241e-02]
   [ 2.99654063e-03]
   [-3.13500464e-02]
   [-4.91892733e-03]
   [-6.27165139e-02]
   [-2.83001456e-03]
   [-2.54391972e-02]
   [-1.56709328e-02]
   [-1.01674313e-03]
   [-6.12320658e-03]
   [ 2.61923783e-02]
   [-2.71906741e-02]]

  [[-3.49171571e-02]
   [ 5.27586527e-02]
   [-5.83638996e-02]
   [-9.12901480e-03]
   [ 7.34932907e-03]
   [-4.57484722e-02]
   [-1.12436172e-02]
   [-1.49014322e-02]
   [-1.31639205e-02]
   [-4.65893932e-03]
   [-9.58071440e-04]
   [ 8.91922880e-03]
   [-2.48556994e-02]
   [-3.50261815e-02]
   [ 1.55993886e-02]
   [ 9.47472733e-03]
   [ 2.68652826e-03]
   [ 5.23211583e-02]
   [-1.52608939e-02]
   [-2.43734685e-03]
   [-3.44994776e-02]
   [ 5.66213671e-03]
   [-3.58320475e-02]
   [-1.81110725e-02]
   [-5.68922646e-02]
   [ 1.01404991e-02]
   [-3.09148896e-02]
   [ 3.06517795e-05]
   [-4.12751501e-03]
   [ 3.57286306e-03]
   [ 1.84709262e-02]
   [-1.42805297e-02]]

  [[-4.54807319e-02]
   [-1.83538068e-03]
   [-1.20706193e-01]
   [-3.89450142e-04]
   [ 1.64280497e-02]
   [-3.90002527e-03]
   [-1.51146287e-02]
   [ 3.23219574e-03]
   [-2.14497242e-02]
   [-3.78863588e-02]
   [-1.72772165e-02]
   [ 6.55569136e-02]
   [-5.85113792e-03]
   [-1.90061238e-02]
   [ 2.36205873e-03]
   [ 3.80111150e-02]
   [ 3.59143801e-02]
   [-2.71448623e-02]
   [-5.96093349e-02]
   [-8.83789547e-03]
   [-2.94427611e-02]
   [ 2.61599328e-02]
   [-1.47893736e-02]
   [-2.83733588e-02]
   [-4.00063023e-02]
   [-2.28395276e-02]
   [-1.09868469e-02]
   [ 5.88385621e-04]
   [ 1.13378465e-02]
   [ 1.09933354e-02]
   [-4.36267443e-02]
   [-4.02563848e-02]]

  [[ 3.46410125e-02]
   [-1.63271818e-02]
   [-8.35359693e-02]
   [-6.94739586e-03]
   [ 6.39024889e-03]
   [ 2.28588730e-02]
   [-1.16094165e-02]
   [ 5.99024771e-03]
   [-2.18385514e-02]
   [ 4.74616606e-03]
   [ 2.07521990e-02]
   [ 2.45217029e-02]
   [ 2.00027172e-02]
   [-2.59839254e-03]
   [ 1.22075086e-03]
   [ 7.51585811e-02]
   [ 3.69628035e-02]
   [-1.43373981e-01]
   [ 3.07317059e-02]
   [ 6.27514347e-03]
   [-1.78168416e-02]
   [-2.51612309e-02]
   [ 2.25517079e-02]
   [ 2.53218040e-02]
   [-1.73334461e-02]
   [-5.35068028e-02]
   [ 1.84133463e-02]
   [-1.11773303e-02]
   [ 2.25152988e-02]
   [ 3.24539281e-02]
   [-7.43440539e-02]
   [-1.97453424e-02]]

  [[ 1.83091182e-02]
   [ 1.41120749e-02]
   [-8.36789384e-02]
   [-4.30865660e-02]
   [ 1.67819131e-02]
   [ 1.75815932e-02]
   [ 2.62246840e-02]
   [ 6.29626540e-03]
   [-3.92778963e-02]
   [ 1.54258972e-02]
   [ 2.15522421e-04]
   [ 6.00677095e-02]
   [-7.27126515e-03]
   [-1.27415517e-02]
   [-1.13478471e-02]
   [ 6.29016310e-02]
   [ 1.52749289e-02]
   [-7.75569603e-02]
   [-2.64605507e-02]
   [-2.84010172e-03]
   [-1.65038053e-02]
   [ 6.24029851e-03]
   [-5.25568752e-03]
   [-9.30057466e-03]
   [-5.90299349e-03]
   [-5.53935766e-03]
   [ 1.08752484e-02]
   [ 1.02754207e-02]
   [-1.83872777e-04]
   [ 1.24246338e-02]
   [ 1.46775572e-02]
   [-3.34942900e-02]]

  [[ 2.67919041e-02]
   [ 3.83798010e-03]
   [-2.99965106e-02]
   [-1.99182313e-02]
   [ 1.41594950e-02]
   [-5.12001850e-02]
   [ 1.05256382e-02]
   [ 1.71674229e-02]
   [-3.72898355e-02]
   [-5.32071618e-03]
   [ 1.50410365e-02]
   [ 9.67184268e-03]
   [-3.27684842e-02]
   [-3.09234466e-02]
   [ 3.42137553e-02]
   [ 7.20435381e-03]
   [ 1.71774607e-02]
   [ 5.27676791e-02]
   [-3.79757173e-02]
   [ 1.00893546e-02]
   [-1.70781519e-02]
   [-1.11320131e-02]
   [-1.30092269e-02]
   [-3.64875309e-02]
   [ 2.08184794e-02]
   [ 3.31272036e-02]
   [-2.91301478e-02]
   [ 5.18645300e-03]
   [ 1.15439473e-02]
   [-1.43868085e-02]
   [ 3.98402512e-02]
   [-3.52866948e-02]]

  [[ 4.38947268e-02]
   [ 7.79741025e-03]
   [ 8.48731864e-03]
   [-6.78142905e-03]
   [-1.73187554e-02]
   [-4.71063554e-02]
   [-3.97926988e-03]
   [-5.75819658e-03]
   [-5.09431995e-02]
   [ 1.16575183e-03]
   [-7.10523035e-03]
   [-2.23646164e-02]
   [-4.39236825e-03]
   [-2.21367795e-02]
   [ 8.54291022e-03]
   [-9.07607749e-03]
   [ 1.12315193e-02]
   [ 3.59550379e-02]
   [ 8.99788272e-03]
   [ 6.79694442e-03]
   [-4.15551886e-02]
   [ 3.07781454e-02]
   [ 8.59167427e-03]
   [-7.06627499e-03]
   [ 8.40803981e-03]
   [-2.45418753e-02]
   [-2.04181075e-02]
   [ 1.49954250e-02]
   [ 1.16648935e-02]
   [ 2.16387864e-02]
   [-1.04133962e-02]
   [-3.20540406e-02]]]


 [[[-2.24107541e-02]
   [ 7.49722263e-03]
   [ 4.22941558e-02]
   [-1.45154092e-02]
   [ 9.58110485e-03]
   [-5.83189875e-02]
   [ 1.54990638e-02]
   [ 1.70693286e-02]
   [-1.55360093e-02]
   [ 5.68122417e-03]
   [-2.40213200e-02]
   [-1.07717598e-02]
   [ 1.58748578e-03]
   [-3.33515182e-02]
   [-6.61071902e-03]
   [-1.77496038e-02]
   [ 1.91996293e-03]
   [-1.23613290e-02]
   [-6.70435233e-03]
   [-2.29205284e-03]
   [-3.73126902e-02]
   [ 8.10470805e-03]
   [-5.63000627e-02]
   [-2.37701163e-02]
   [-3.61141451e-02]
   [ 7.49804080e-03]
   [-3.64801437e-02]
   [-8.77195783e-03]
   [ 4.88614524e-03]
   [-1.47498818e-02]
   [ 3.74132842e-02]
   [-4.65447083e-02]]

  [[-2.38716844e-02]
   [ 1.79590862e-02]
   [-9.12918821e-02]
   [ 1.62853431e-02]
   [ 1.80614591e-02]
   [-4.74019907e-02]
   [-2.75833011e-02]
   [-8.01126938e-03]
   [-2.36557573e-02]
   [ 1.78346708e-02]
   [-1.72668230e-02]
   [ 5.63976131e-02]
   [-6.22135587e-03]
   [-2.91370768e-02]
   [-6.51085190e-03]
   [ 2.43364014e-02]
   [ 6.32108981e-03]
   [-2.43137442e-02]
   [-2.91483179e-02]
   [-1.05023049e-02]
   [-7.34330667e-03]
   [ 4.79104929e-03]
   [-4.26891632e-02]
   [-2.10240521e-02]
   [-3.89369130e-02]
   [ 1.07089253e-02]
   [ 1.75225195e-02]
   [ 9.01323836e-03]
   [ 2.03139987e-02]
   [ 3.23175415e-02]
   [ 2.42474880e-02]
   [-3.65976393e-02]]

  [[-2.67710630e-02]
   [-1.03524357e-01]
   [ 9.72855650e-03]
   [ 6.98966323e-04]
   [ 9.43167228e-03]
   [ 1.23893060e-02]
   [-2.96996906e-02]
   [-9.30736493e-03]
   [-2.91212145e-02]
   [ 1.44832572e-02]
   [-1.83929801e-02]
   [ 4.26989906e-02]
   [ 3.21640261e-02]
   [-1.43662151e-02]
   [-3.48326117e-02]
   [ 6.89410865e-02]
   [ 2.22874060e-02]
   [-4.59542163e-02]
   [ 1.85460597e-02]
   [ 1.10229035e-03]
   [-2.91393977e-03]
   [ 5.27969468e-03]
   [-2.81131808e-02]
   [ 1.68325007e-02]
   [-2.44831257e-02]
   [ 3.77823855e-03]
   [ 8.17089453e-02]
   [ 1.19528510e-02]
   [ 6.29324745e-03]
   [-7.09449649e-02]
   [-7.03818351e-02]
   [-1.35591263e-02]]

  [[-3.32528390e-02]
   [-1.97157878e-02]
   [ 1.46099895e-01]
   [ 2.08634511e-02]
   [ 2.94322637e-03]
   [-9.15361848e-03]
   [-3.63238566e-02]
   [-2.13453285e-02]
   [-2.47861184e-02]
   [-3.70563120e-02]
   [ 1.62962321e-02]
   [-7.40649551e-02]
   [ 7.56016700e-04]
   [ 6.46735867e-03]
   [ 5.06525859e-02]
   [ 1.15267619e-01]
   [-1.15119994e-01]
   [ 5.16010076e-02]
   [ 6.75244629e-02]
   [-4.85964725e-03]
   [-3.23436633e-02]
   [-5.13051786e-02]
   [ 5.62866777e-02]
   [ 1.41161144e-01]
   [ 1.62885967e-03]
   [ 8.65784436e-02]
   [ 2.81708334e-02]
   [ 6.10798597e-03]
   [ 8.89201462e-03]
   [-1.03424333e-01]
   [ 8.45186226e-03]
   [-5.95710613e-02]]

  [[-1.23311104e-02]
   [ 1.19881786e-03]
   [ 8.21995316e-04]
   [-3.33824679e-02]
   [ 6.84105186e-03]
   [-3.85762774e-03]
   [ 3.58557515e-02]
   [ 1.44756807e-03]
   [-1.30166970e-02]
   [ 1.97558887e-02]
   [-3.72510141e-04]
   [ 8.85696430e-03]
   [ 6.90654367e-02]
   [-2.52362154e-02]
   [-9.90704000e-02]
   [ 9.38017890e-02]
   [-3.32370289e-02]
   [-5.21475375e-02]
   [ 6.66834563e-02]
   [ 5.74061414e-04]
   [-1.95647553e-02]
   [-2.63524870e-03]
   [ 4.26492319e-02]
   [ 3.99754271e-02]
   [ 7.17336443e-05]
   [-6.00438640e-02]
   [ 7.22390041e-02]
   [ 6.93317223e-03]
   [ 1.13760186e-02]
   [-4.04828042e-02]
   [-8.50070268e-02]
   [-2.75110137e-02]]

  [[-1.19206198e-02]
   [-1.24468841e-02]
   [-3.02455053e-02]
   [-2.38798298e-02]
   [-1.11960433e-02]
   [-4.75883447e-02]
   [ 5.22150149e-05]
   [-9.26337671e-03]
   [-2.11899746e-02]
   [-6.35414803e-03]
   [ 5.36662573e-03]
   [ 4.22104187e-02]
   [ 1.81091763e-02]
   [-1.62740611e-02]
   [ 1.96696986e-02]
   [ 5.24161421e-02]
   [-2.67178379e-02]
   [-5.74112162e-02]
   [-6.99484274e-02]
   [ 1.47986959e-03]
   [-3.06687299e-02]
   [-6.98467717e-02]
   [-4.44251020e-03]
   [ 4.22324985e-03]
   [-2.67703813e-02]
   [ 2.84758061e-02]
   [-8.78920022e-04]
   [ 1.17242439e-02]
   [-9.69908945e-03]
   [ 9.29591618e-03]
   [-2.47956514e-02]
   [-3.22597288e-02]]

  [[-3.89813855e-02]
   [ 4.32385877e-03]
   [ 1.44931078e-02]
   [-7.77394371e-03]
   [ 9.17584170e-03]
   [ 7.27721071e-03]
   [-6.38179621e-03]
   [ 4.71771974e-03]
   [-3.24698426e-02]
   [-1.54620083e-02]
   [-1.45744476e-02]
   [ 6.05316088e-03]
   [-2.00219527e-02]
   [-2.22584475e-02]
   [ 2.00170502e-02]
   [ 2.01357575e-03]
   [-4.31589969e-03]
   [-2.99052354e-02]
   [ 4.55536414e-03]
   [ 1.49949966e-03]
   [-1.19327046e-02]
   [-2.07628682e-02]
   [-6.47113323e-02]
   [ 1.83576606e-02]
   [-3.75037640e-02]
   [-1.05468724e-02]
   [-1.62344929e-02]
   [ 2.88181938e-03]
   [ 1.55673025e-03]
   [ 1.97609398e-03]
   [-1.36807542e-02]
   [-1.39875999e-02]]]


 [[[-3.19501460e-02]
   [ 2.05064099e-03]
   [ 1.45590045e-02]
   [-1.09691061e-02]
   [ 1.71973817e-02]
   [-7.06840083e-02]
   [ 1.03224367e-02]
   [ 2.81803589e-03]
   [-2.72002965e-02]
   [-1.82881020e-02]
   [-1.90735504e-03]
   [-1.57394316e-02]
   [ 1.04572077e-03]
   [-2.89599039e-02]
   [-7.62746483e-03]
   [-3.85642564e-03]
   [-2.64452328e-03]
   [-3.86649407e-02]
   [ 1.25222150e-02]
   [-1.25410955e-03]
   [-2.78869141e-02]
   [ 5.80922933e-03]
   [-1.55814793e-02]
   [-5.54771768e-03]
   [ 6.08621538e-02]
   [-2.20370130e-03]
   [-5.84411249e-03]
   [-1.57804298e-03]
   [ 2.66205873e-02]
   [-7.48882815e-03]
   [-2.06165034e-02]
   [-3.22468542e-02]]

  [[-2.32748389e-02]
   [ 3.18122562e-03]
   [-8.83896202e-02]
   [ 2.10999902e-02]
   [ 1.27660269e-02]
   [-3.93582769e-02]
   [-2.37332396e-02]
   [-8.31787358e-04]
   [-4.19140533e-02]
   [-1.60091892e-02]
   [-6.61496865e-03]
   [ 2.74410080e-02]
   [ 2.04312094e-02]
   [-2.15519797e-02]
   [ 1.73978973e-02]
   [ 3.53598446e-02]
   [ 2.62339301e-02]
   [-4.26131897e-02]
   [-9.10315895e-04]
   [ 6.68969564e-03]
   [-1.92983970e-02]
   [-1.82439499e-02]
   [-6.69931481e-03]
   [ 3.23274471e-02]
   [ 4.11511064e-02]
   [-2.78484393e-02]
   [ 5.66319600e-02]
   [-4.24908008e-03]
   [-1.03470366e-02]
   [ 5.85565306e-02]
   [-5.40232025e-02]
   [-3.90926823e-02]]

  [[-4.42078933e-02]
   [-3.24043725e-03]
   [ 4.98516522e-02]
   [ 4.24669422e-02]
   [ 2.38765124e-02]
   [-1.91984717e-02]
   [-3.22249532e-02]
   [ 4.59401170e-04]
   [-2.65754256e-02]
   [ 6.27673566e-02]
   [ 1.94180931e-03]
   [-1.06750475e-02]
   [ 2.20166035e-02]
   [-2.40099654e-02]
   [-2.15236153e-02]
   [ 6.28325269e-02]
   [-2.00577406e-03]
   [-5.17120771e-02]
   [ 1.68673936e-02]
   [-1.57028157e-02]
   [-2.68033240e-02]
   [-5.73544018e-02]
   [ 4.03381623e-02]
   [ 1.20540343e-01]
   [-2.37827175e-04]
   [-7.16633745e-04]
   [ 3.02148852e-02]
   [ 3.06192078e-02]
   [-3.27348989e-03]
   [-2.37066597e-02]
   [-6.13903701e-02]
   [-1.41860889e-02]]

  [[-2.98709311e-02]
   [ 1.05040967e-01]
   [ 2.00425565e-01]
   [ 8.05527940e-02]
   [ 1.17572164e-02]
   [-7.76313245e-02]
   [ 7.34782079e-03]
   [ 1.03049744e-02]
   [-3.74984704e-02]
   [ 7.65528306e-02]
   [ 3.11005246e-02]
   [-1.62676126e-01]
   [-1.88301116e-01]
   [-2.70907842e-02]
   [ 7.63935000e-02]
   [ 1.08896226e-01]
   [-1.20230950e-03]
   [-1.18917115e-02]
   [-8.26870054e-02]
   [ 6.68707816e-03]
   [-2.44670268e-02]
   [-1.09400786e-03]
   [ 1.27682388e-01]
   [ 2.43745461e-01]
   [ 3.22469808e-02]
   [ 5.75419106e-02]
   [-1.18411534e-01]
   [ 1.21742524e-02]
   [-1.05633191e-03]
   [ 1.96228981e-01]
   [ 2.19493032e-01]
   [-3.31846699e-02]]

  [[-2.02499740e-02]
   [ 5.41536137e-03]
   [ 1.28092039e-02]
   [-7.80871557e-03]
   [-7.55863683e-03]
   [ 1.06334453e-02]
   [ 1.25578791e-01]
   [ 7.67230429e-03]
   [-2.24597342e-02]
   [ 4.46935296e-02]
   [ 5.55444101e-04]
   [-4.96183075e-02]
   [ 7.22290808e-03]
   [-1.69560835e-02]
   [-4.40264940e-02]
   [ 1.18611060e-01]
   [ 1.52791366e-01]
   [-2.29898617e-02]
   [ 1.95619818e-02]
   [ 1.50274448e-02]
   [-3.27454433e-02]
   [ 1.17117226e-01]
   [ 1.27089530e-01]
   [-1.55455398e-03]
   [-3.51801096e-03]
   [-1.05960071e-01]
   [ 1.23802898e-02]
   [ 2.44830307e-02]
   [-4.79996623e-03]
   [-2.26877872e-02]
   [-2.81948876e-03]
   [-2.32305061e-02]]

  [[-2.90691294e-02]
   [-5.81692532e-03]
   [-1.73778310e-02]
   [-3.41345631e-02]
   [ 1.24653243e-02]
   [-8.77598673e-03]
   [ 4.94957319e-04]
   [-3.85093130e-03]
   [-3.10661960e-02]
   [ 5.49732894e-03]
   [ 8.50143470e-03]
   [ 2.67845672e-02]
   [ 3.82133573e-02]
   [-2.04081796e-02]
   [-2.58416869e-03]
   [ 8.28917250e-02]
   [-4.22876775e-02]
   [-5.11019677e-02]
   [-1.83238275e-02]
   [-2.20916583e-03]
   [-1.30052678e-02]
   [-6.58939499e-03]
   [ 5.98242916e-02]
   [ 4.18553874e-02]
   [ 3.96143496e-02]
   [ 4.42420132e-02]
   [ 1.55336615e-02]
   [ 6.59437710e-03]
   [ 3.81047581e-03]
   [ 1.24038067e-02]
   [-2.95363348e-02]
   [-1.76328123e-02]]

  [[-2.53454689e-02]
   [ 5.15054865e-03]
   [ 1.51269487e-03]
   [-3.83468950e-03]
   [ 9.70444083e-03]
   [ 1.96727971e-03]
   [-1.39506217e-02]
   [ 1.69115495e-02]
   [-1.37420613e-02]
   [-2.41479333e-02]
   [ 1.01523036e-02]
   [-1.89525038e-02]
   [-1.24850962e-02]
   [-1.07770006e-03]
   [ 1.02125434e-02]
   [ 1.14577496e-03]
   [ 1.41073409e-02]
   [-3.21709588e-02]
   [ 2.22714990e-02]
   [ 7.75334425e-03]
   [-3.34587321e-02]
   [-3.20352875e-02]
   [-1.26548938e-03]
   [ 3.86380292e-02]
   [ 1.79588925e-02]
   [ 2.41831411e-03]
   [ 2.65675690e-02]
   [ 6.09647436e-03]
   [ 6.90553663e-03]
   [ 4.56697261e-03]
   [-1.40026864e-02]
   [-2.03324314e-02]]]


 [[[-2.72761080e-02]
   [-1.49704646e-02]
   [ 3.84339020e-02]
   [-5.62349446e-02]
   [ 1.20408246e-02]
   [-4.90203761e-02]
   [ 4.45043296e-03]
   [-1.30892089e-02]
   [-1.89657155e-02]
   [ 1.89047400e-02]
   [-2.49114968e-02]
   [-7.43626989e-03]
   [-1.94759388e-02]
   [-3.70245166e-02]
   [-1.74915686e-03]
   [-4.30048741e-02]
   [-9.03325528e-03]
   [ 2.41804980e-02]
   [ 8.14129878e-03]
   [ 8.62441584e-03]
   [-2.09094472e-02]
   [ 3.93861830e-02]
   [-1.37766516e-02]
   [-7.38091627e-03]
   [ 6.63943496e-03]
   [ 8.56738538e-03]
   [-5.56176826e-02]
   [ 1.62208844e-02]
   [ 2.41955444e-02]
   [-6.11851411e-03]
   [ 2.16425974e-02]
   [ 5.95074445e-02]]

  [[ 2.94797961e-02]
   [-7.69724371e-03]
   [-5.38982712e-02]
   [-3.41460928e-02]
   [-5.09506650e-03]
   [ 3.54743632e-03]
   [ 1.88348535e-02]
   [ 9.46694799e-03]
   [-1.76904332e-02]
   [-1.00839235e-01]
   [-3.34536731e-02]
   [ 4.52922471e-02]
   [-1.48511594e-02]
   [-3.20278108e-02]
   [ 2.72269845e-02]
   [-1.31094111e-02]
   [-1.54322721e-02]
   [ 2.94464417e-02]
   [-3.32385637e-02]
   [ 1.41857620e-02]
   [-4.24303934e-02]
   [ 1.93561576e-02]
   [-2.38702707e-02]
   [-2.81189401e-02]
   [ 1.70615467e-03]
   [ 8.56013130e-03]
   [-7.78132007e-02]
   [ 2.23966502e-02]
   [ 1.28387176e-02]
   [ 1.58533326e-03]
   [ 4.51188348e-02]
   [-2.65944023e-02]]

  [[ 5.70473410e-02]
   [ 1.34745175e-02]
   [-6.02101274e-02]
   [ 7.71441171e-03]
   [ 1.66492816e-02]
   [-1.35777295e-02]
   [ 7.54803643e-02]
   [ 2.52106208e-02]
   [-2.11166218e-02]
   [-4.23115268e-02]
   [-2.97028031e-02]
   [ 3.27926017e-02]
   [ 1.12739868e-01]
   [-2.33089067e-02]
   [-3.26266475e-02]
   [ 1.76930297e-02]
   [-1.87174119e-02]
   [-5.93647771e-02]
   [-1.90332010e-02]
   [ 1.09297521e-02]
   [-1.21280672e-02]
   [-7.94241205e-02]
   [ 8.77131987e-03]
   [ 1.87165141e-02]
   [ 6.78656762e-03]
   [-3.86175290e-02]
   [-5.18068522e-02]
   [ 5.71539253e-03]
   [ 4.01139213e-03]
   [-7.05418959e-02]
   [-5.49382344e-02]
   [-2.28904001e-02]]

  [[-2.62369178e-02]
   [-1.88453542e-03]
   [ 1.75557081e-02]
   [ 1.00087170e-02]
   [ 7.41223060e-03]
   [-5.63300997e-02]
   [ 4.19196039e-02]
   [ 7.85376411e-03]
   [-4.12260033e-02]
   [-7.29954094e-02]
   [ 7.74258235e-03]
   [-1.14761712e-02]
   [-2.48200595e-02]
   [-3.33326794e-02]
   [-4.47466448e-02]
   [ 3.53045203e-02]
   [-2.26394180e-02]
   [-8.80958810e-02]
   [ 4.10611555e-02]
   [ 9.87676717e-03]
   [-8.86466261e-03]
   [ 8.86707157e-02]
   [ 9.10718963e-02]
   [ 8.97682160e-02]
   [ 2.21335795e-02]
   [-3.86622995e-02]
   [ 5.44675924e-02]
   [ 2.14393828e-02]
   [ 1.06672337e-02]
   [ 2.24478859e-02]
   [-1.37069570e-02]
   [-3.12858932e-02]]

  [[ 4.22365889e-02]
   [-8.95713344e-02]
   [-4.45944108e-02]
   [-4.59791720e-02]
   [-5.56831539e-04]
   [-1.86678376e-02]
   [-2.46181507e-02]
   [-8.27121641e-03]
   [-1.89853664e-02]
   [-3.33121344e-02]
   [-3.88491875e-03]
   [ 3.72552015e-02]
   [ 1.47129400e-02]
   [-1.03004016e-02]
   [-4.20687720e-02]
   [ 5.77533841e-02]
   [-7.57675841e-02]
   [-1.41587323e-02]
   [ 4.00351454e-03]
   [ 1.86845846e-03]
   [-2.84293685e-02]
   [ 8.76141414e-02]
   [ 8.36924911e-02]
   [-1.08864158e-01]
   [-5.03149908e-03]
   [-2.25903932e-03]
   [ 6.35535419e-02]
   [ 3.44652624e-04]
   [ 1.88194285e-03]
   [-2.73861010e-02]
   [-8.65975097e-02]
   [-3.18850353e-02]]

  [[ 5.48521094e-02]
   [-6.07518433e-03]
   [-1.77578293e-02]
   [-3.43375877e-02]
   [ 1.54200289e-02]
   [-4.51926142e-02]
   [-9.31029096e-02]
   [-6.25983858e-03]
   [-9.56419623e-04]
   [ 1.13736256e-04]
   [ 3.19330464e-03]
   [ 2.90471781e-02]
   [ 1.25204679e-02]
   [-1.08367056e-02]
   [ 2.81612185e-04]
   [ 9.66467615e-03]
   [-4.42084521e-02]
   [-9.88141634e-03]
   [-1.25375437e-02]
   [ 1.52449906e-02]
   [-1.39325922e-02]
   [ 9.44206268e-02]
   [ 1.16501227e-02]
   [-3.21206562e-02]
   [ 1.41621497e-03]
   [ 5.05579636e-02]
   [-4.74480167e-02]
   [ 1.10011585e-02]
   [ 1.51514458e-02]
   [-9.18668136e-03]
   [-9.72913112e-03]
   [-2.02215854e-02]]

  [[ 4.28228192e-02]
   [ 6.28925301e-03]
   [ 1.31117236e-02]
   [-2.50074435e-02]
   [-2.83277174e-03]
   [-6.28994331e-02]
   [-2.64565628e-02]
   [ 8.74926802e-03]
   [-2.88586561e-02]
   [ 3.95095180e-04]
   [-1.14473775e-02]
   [-3.88630480e-03]
   [-2.02812385e-02]
   [-2.81268340e-02]
   [ 3.89925670e-03]
   [-2.78641917e-02]
   [ 1.30179180e-02]
   [ 3.75711173e-02]
   [ 1.43725267e-02]
   [ 2.32365597e-02]
   [-2.06018984e-02]
   [-1.32900804e-01]
   [-4.48828600e-02]
   [ 5.46027161e-02]
   [ 2.26313453e-02]
   [-2.04986166e-02]
   [-2.70335954e-02]
   [ 5.60454885e-03]
   [-8.08727089e-03]
   [-5.24887582e-03]
   [ 1.94649473e-02]
   [-5.04900999e-02]]]


 [[[ 2.71067228e-02]
   [ 1.31174568e-02]
   [ 3.00575010e-02]
   [-2.52724234e-02]
   [ 1.77534088e-03]
   [-6.41917856e-03]
   [ 3.94940190e-03]
   [ 3.64739401e-03]
   [-1.54273333e-02]
   [ 5.79070710e-02]
   [-1.44251464e-02]
   [-3.26334946e-02]
   [ 1.59945488e-02]
   [-8.69329739e-03]
   [-1.32527705e-02]
   [-1.41869551e-02]
   [ 1.36511903e-02]
   [ 3.39230485e-02]
   [ 4.69492329e-03]
   [-1.15900105e-02]
   [ 4.25254973e-03]
   [ 9.23049171e-03]
   [-1.65766720e-02]
   [-1.66460988e-03]
   [-4.13242877e-02]
   [ 1.18452050e-02]
   [-4.17507701e-02]
   [ 1.56890731e-02]
   [-1.14149656e-02]
   [ 2.66941953e-02]
   [-1.63780097e-02]
   [ 3.88588160e-02]]

  [[-1.54638803e-03]
   [ 1.78847753e-03]
   [ 2.98696216e-02]
   [-2.98711639e-02]
   [-1.25942170e-03]
   [-1.23264175e-02]
   [-6.49296641e-02]
   [ 1.51702892e-02]
   [-1.42945396e-02]
   [-1.44847725e-02]
   [-2.46001333e-02]
   [-1.28306979e-02]
   [-5.68521060e-02]
   [-2.97511443e-02]
   [ 2.20492072e-02]
   [-1.48887727e-02]
   [ 2.08252785e-03]
   [ 2.92894859e-02]
   [ 5.75978449e-03]
   [ 3.34143778e-03]
   [-3.49405184e-02]
   [ 3.15971337e-02]
   [-2.12332178e-02]
   [-1.10842288e-02]
   [-5.12106977e-02]
   [ 2.08923500e-02]
   [-2.92718690e-02]
   [-1.77839550e-03]
   [ 1.35874553e-02]
   [ 4.65536956e-03]
   [ 4.13932605e-03]
   [-1.66023802e-02]]

  [[-2.60558557e-02]
   [ 1.58497952e-02]
   [-3.52043249e-02]
   [-7.01046549e-03]
   [-1.79247255e-03]
   [ 1.79398060e-02]
   [-5.86384209e-03]
   [ 1.06356377e-02]
   [-3.06476001e-02]
   [ 1.38130030e-02]
   [-1.31221917e-02]
   [ 2.20842734e-02]
   [ 1.22832870e-02]
   [-2.29191501e-02]
   [ 2.24552751e-02]
   [-4.76374850e-03]
   [ 2.24007443e-02]
   [ 2.46037617e-02]
   [-1.19329868e-02]
   [-1.18169980e-03]
   [-2.91648936e-02]
   [-4.96725440e-02]
   [-3.29429060e-02]
   [-1.23647787e-02]
   [-2.32853163e-02]
   [-5.29557373e-03]
   [-5.54753281e-02]
   [-4.70774667e-03]
   [ 3.10558616e-03]
   [-4.79923785e-02]
   [ 4.98385227e-04]
   [-2.44728550e-02]]

  [[-3.19088809e-02]
   [-1.51199233e-02]
   [-2.89317816e-02]
   [ 4.41891961e-02]
   [ 5.61959064e-03]
   [-2.72376202e-02]
   [ 2.68563777e-02]
   [ 5.54456655e-03]
   [-2.78234631e-02]
   [ 3.24371383e-02]
   [-1.52043533e-02]
   [ 2.80409735e-02]
   [ 5.46701923e-02]
   [-3.43561918e-02]
   [-2.71770637e-02]
   [ 2.39953306e-02]
   [ 1.30821997e-02]
   [-1.03866942e-01]
   [ 1.30680026e-02]
   [ 5.78542892e-03]
   [-2.62262858e-02]
   [-1.39690368e-02]
   [ 5.45713864e-02]
   [ 1.04259280e-02]
   [-2.88122729e-03]
   [ 1.64947880e-03]
   [ 5.32865636e-02]
   [ 8.72893725e-03]
   [ 7.51632545e-03]
   [ 1.16667035e-03]
   [-3.23829800e-02]
   [-3.44108380e-02]]

  [[ 3.93642113e-02]
   [-2.52120057e-03]
   [-2.45444570e-02]
   [-7.64249405e-03]
   [ 1.68404151e-02]
   [ 1.34015922e-02]
   [-2.45423205e-02]
   [-1.51693579e-02]
   [ 2.05153525e-02]
   [-3.87881999e-03]
   [-1.45145180e-02]
   [ 2.73626186e-02]
   [ 2.91764317e-03]
   [-2.92617474e-02]
   [ 9.15143173e-03]
   [ 3.98634188e-02]
   [ 3.70269339e-03]
   [-1.47697225e-03]
   [ 2.39206501e-03]
   [-1.56720355e-03]
   [-1.82300527e-02]
   [ 1.41571313e-01]
   [ 6.98144920e-03]
   [-5.57153933e-02]
   [-4.00671922e-02]
   [ 3.17222141e-02]
   [ 2.53726281e-02]
   [ 5.89917041e-03]
   [-3.05794808e-03]
   [-1.19055025e-02]
   [ 3.14249797e-03]
   [-8.31223652e-03]]

  [[ 1.77224614e-02]
   [ 3.06553766e-02]
   [ 5.75800566e-03]
   [-3.06285322e-02]
   [ 5.02694724e-03]
   [ 4.14604358e-02]
   [-3.31018046e-02]
   [ 1.00204302e-02]
   [ 8.48909561e-03]
   [ 2.99472827e-03]
   [-1.78172346e-02]
   [-1.94130167e-02]
   [-2.37858072e-02]
   [-3.78031433e-02]
   [ 2.83126757e-02]
   [ 2.48859404e-03]
   [ 1.38471527e-02]
   [ 7.67600536e-03]
   [-1.01541951e-02]
   [ 6.82837982e-03]
   [-2.50146743e-02]
   [-9.41657498e-02]
   [-2.64693387e-02]
   [-7.30139622e-03]
   [-4.62360829e-02]
   [-6.75857626e-03]
   [-2.90891677e-02]
   [-6.16254099e-03]
   [-4.32595494e-04]
   [-5.30676311e-03]
   [ 2.22976529e-03]
   [-2.11950466e-02]]

  [[-1.25183566e-02]
   [ 1.22761372e-02]
   [ 2.80087814e-02]
   [-1.52041232e-02]
   [ 3.60157760e-03]
   [-2.02167165e-02]
   [ 4.40116860e-02]
   [-6.28527813e-03]
   [ 2.92898733e-02]
   [-4.95920540e-05]
   [-1.25995791e-02]
   [-2.05688421e-02]
   [-1.41489841e-02]
   [-2.34883800e-02]
   [-6.96256571e-03]
   [-1.77537706e-02]
   [ 1.75768565e-02]
   [ 1.48458732e-02]
   [ 4.73478902e-03]
   [-7.78357871e-03]
   [-2.81709917e-02]
   [-6.01970255e-01]
   [-7.49994349e-03]
   [ 9.65530146e-03]
   [-2.74196640e-02]
   [-1.22028310e-02]
   [-7.79856322e-03]
   [-2.70475028e-03]
   [-4.38661751e-04]
   [ 1.30087649e-02]
   [ 2.16492508e-02]
   [-2.29800120e-02]]]


 [[[ 3.59258950e-02]
   [-4.57863510e-03]
   [-2.07030475e-02]
   [-2.54169684e-02]
   [-1.69070233e-02]
   [ 4.03343923e-02]
   [ 2.45716851e-02]
   [-5.43284742e-03]
   [ 1.39883617e-02]
   [-3.37291546e-02]
   [-1.30240750e-02]
   [ 1.39252152e-02]
   [ 4.40483913e-02]
   [-1.16387196e-02]
   [-1.42481783e-02]
   [-3.09813564e-04]
   [-1.51823536e-02]
   [-4.73213270e-02]
   [-4.50312579e-03]
   [ 2.37435363e-02]
   [-1.69601347e-02]
   [-1.47520732e-02]
   [ 7.79213151e-03]
   [ 3.92726203e-03]
   [ 3.15550459e-03]
   [-8.78148433e-03]
   [ 9.18287858e-02]
   [ 7.47260754e-04]
   [ 1.36078540e-02]
   [ 7.54241133e-03]
   [-2.54929848e-02]
   [-1.11336503e-02]]

  [[ 8.57959315e-03]
   [-1.12737454e-02]
   [ 1.44943809e-02]
   [-2.96025723e-02]
   [ 1.43016633e-02]
   [ 2.23199893e-02]
   [ 7.03266682e-03]
   [ 2.27554217e-02]
   [ 1.90482866e-02]
   [ 5.41388057e-02]
   [-1.53465485e-02]
   [-1.85885858e-02]
   [-1.03689795e-02]
   [ 4.09496501e-02]
   [-8.74656159e-03]
   [-1.15996050e-02]
   [ 1.05499234e-02]
   [ 1.28443418e-02]
   [ 4.58018575e-03]
   [ 3.06269433e-02]
   [-3.15565541e-02]
   [ 1.09190866e-02]
   [ 1.36992736e-02]
   [-2.30221897e-02]
   [-7.50363292e-03]
   [-1.92075167e-02]
   [-4.00834754e-02]
   [ 2.63965619e-03]
   [-6.16051164e-03]
   [ 1.51072023e-03]
   [ 4.45189234e-03]
   [-3.01668048e-02]]

  [[ 2.96091214e-02]
   [ 1.07079912e-02]
   [ 2.43794881e-02]
   [-1.05287600e-02]
   [-3.78853339e-03]
   [ 4.12025768e-03]
   [-2.35413220e-02]
   [ 9.18203127e-03]
   [-2.43920032e-02]
   [ 5.01556136e-03]
   [-1.33874640e-02]
   [-7.55369058e-03]
   [-3.47424261e-02]
   [-2.82633901e-02]
   [ 1.39629599e-02]
   [-1.61052924e-02]
   [ 5.07897651e-03]
   [-4.51457966e-03]
   [-3.46258236e-03]
   [-9.57022980e-03]
   [-2.82523073e-02]
   [ 5.37245627e-03]
   [-6.11344688e-02]
   [-2.27518491e-02]
   [ 1.82636268e-02]
   [ 1.66536737e-02]
   [-1.51085434e-02]
   [ 4.06453153e-03]
   [ 4.89039160e-03]
   [-7.43163691e-05]
   [ 2.46279724e-02]
   [-1.56126358e-02]]

  [[ 2.24607475e-02]
   [-1.18666915e-02]
   [-2.75439047e-03]
   [-3.20838793e-04]
   [ 1.84416510e-02]
   [-7.18475645e-03]
   [-1.19854575e-02]
   [ 1.24221751e-02]
   [-2.74093281e-02]
   [ 3.02747590e-03]
   [-7.55682308e-03]
   [-3.68137076e-03]
   [ 1.00962771e-03]
   [-1.88627373e-02]
   [ 2.20042770e-03]
   [-9.11833812e-03]
   [-6.84242230e-03]
   [ 3.12213264e-02]
   [-1.65015664e-02]
   [ 1.99873634e-02]
   [-2.80500744e-02]
   [ 4.34942124e-03]
   [-2.00724881e-02]
   [ 8.47673882e-03]
   [-4.02036831e-02]
   [ 7.80674210e-03]
   [-3.74456681e-02]
   [ 1.66915264e-02]
   [ 2.37745401e-02]
   [ 3.59507315e-02]
   [-1.05733769e-02]
   [-2.61402819e-02]]

  [[ 4.26273346e-02]
   [ 1.63372885e-02]
   [ 3.78664793e-03]
   [-2.05266457e-02]
   [-6.10377640e-03]
   [ 1.89644732e-02]
   [ 6.30912185e-03]
   [ 1.47139013e-03]
   [ 9.90111660e-03]
   [ 8.91719479e-03]
   [-2.54240520e-02]
   [ 2.85496865e-03]
   [-1.25459386e-02]
   [-3.80500108e-02]
   [ 2.42520906e-02]
   [-1.15217678e-02]
   [-4.68096090e-03]
   [ 1.26303490e-02]
   [-1.54441269e-02]
   [-8.54239985e-03]
   [-2.86274701e-02]
   [-7.20181167e-02]
   [-4.59408276e-02]
   [ 1.82336923e-02]
   [-4.17815708e-02]
   [-2.13247407e-02]
   [-4.09521200e-02]
   [-6.60859281e-04]
   [ 6.22627139e-03]
   [-2.94220657e-03]
   [ 1.74139757e-02]
   [-3.97557504e-02]]

  [[ 3.90014835e-02]
   [ 1.38428584e-02]
   [ 2.15493236e-02]
   [-2.39883997e-02]
   [-7.96168391e-03]
   [ 4.79426906e-02]
   [-2.17374079e-02]
   [ 2.48240754e-02]
   [ 1.01483222e-02]
   [-2.99205445e-03]
   [-1.47411237e-02]
   [-1.61448643e-02]
   [-9.29006492e-04]
   [-1.98047068e-02]
   [ 1.51217058e-02]
   [ 7.43806595e-03]
   [ 2.96951807e-03]
   [ 8.24688282e-03]
   [ 6.85758749e-03]
   [-1.34992944e-02]
   [-1.44827012e-02]
   [-1.16350979e-01]
   [-3.01981624e-02]
   [-1.53985515e-03]
   [ 2.28342209e-02]
   [-1.07785780e-03]
   [-9.59357433e-03]
   [-5.23434440e-03]
   [ 1.10497745e-02]
   [-1.62607641e-04]
   [ 1.23256128e-02]
   [ 3.66816111e-02]]

  [[-3.38864140e-02]
   [-1.93765350e-02]
   [-1.39495283e-02]
   [-2.30393410e-02]
   [-1.00227643e-03]
   [ 3.12080830e-02]
   [ 1.64484084e-02]
   [-7.06412131e-03]
   [-2.64762361e-02]
   [ 3.54179647e-03]
   [-1.02613764e-02]
   [ 6.18949952e-03]
   [ 1.41582899e-02]
   [-1.39919966e-02]
   [-1.24171758e-02]
   [-4.38899966e-03]
   [-2.94136023e-03]
   [-3.76339294e-02]
   [ 1.92550919e-03]
   [ 7.96328858e-03]
   [-2.67576352e-02]
   [ 3.30400288e-01]
   [ 1.23277716e-02]
   [-2.18751710e-02]
   [ 1.32796355e-02]
   [-1.39947992e-03]
   [ 4.68882872e-03]
   [ 1.19568231e-02]
   [ 8.28754390e-04]
   [ 1.34584727e-02]
   [ 1.10169100e-02]
   [ 1.82374213e-02]]]]