[[[[ 2.71731857e-02  7.03038052e-02 -1.32682314e-02 -2.97812913e-02
     9.13878344e-03 -1.49299967e+00 -2.01463103e-01 -1.03527103e-02
    -2.01215316e-02 -2.07888931e-02 -2.62960643e-01 -2.28803251e-02
    -6.86579123e-02 -1.34965837e-01 -3.40570658e-02 -9.76325572e-03
    -4.09320481e-02 -9.68283322e-03 -1.37294203e-01 -7.44424462e-01
    -3.44684646e-02 -1.65183917e-02 -1.58213174e+00 -9.44091938e-03
    -1.10365292e-02 -4.23080996e-02 -1.44790486e-01  1.71731319e-02
    -9.29559581e-03 -3.47197391e-02 -2.08200235e-02 -9.14233327e-01]
   [-1.69271859e-03 -7.16024544e-03 -2.63558291e-02 -1.80237442e-02
    -6.53777411e-03 -4.27886844e-03  5.67092225e-02 -2.03791466e-02
     4.48520621e-03 -9.82436351e-03  1.39614761e-01 -2.83128135e-02
     1.41311109e-01 -6.11461587e-02 -4.41698767e-02 -4.25607041e-02
    -5.03345430e-02 -2.74897628e-02  1.36003867e-01 -3.66532952e-01
    -4.01023589e-02 -1.05314767e-02  7.75515288e-02 -1.36366105e-02
    -4.25396822e-02  1.01845004e-02 -1.47367254e-01 -7.03947805e-03
    -4.69069742e-03 -3.83746736e-02  3.57239358e-02  8.66005495e-02]
   [ 3.17457989e-02 -6.75777644e-02 -2.76580770e-02 -5.27083315e-02
     2.51456886e-03 -2.53638506e-01  1.31124511e-01 -7.74673671e-02
    -3.94493854e-03 -2.63323206e-02 -4.69755232e-01 -3.69031280e-02
     2.13773325e-02 -2.67884154e-02 -8.63927999e-05 -2.51352694e-02
     3.89344466e-04  7.84701947e-03 -2.25387052e-01 -4.99735504e-01
    -2.88909767e-02 -2.32534334e-02 -4.81067508e-01 -2.22325306e-02
    -1.77187119e-02 -2.40475200e-02  8.96028988e-03  9.12490883e-04
     5.61123639e-02 -1.42879691e-02  2.54227892e-02 -1.55771613e-01]
   [-1.50010467e-01  1.82794686e-02 -2.71527860e-02 -4.90601473e-02
    -8.15538783e-03 -1.45560399e-01 -2.92169243e-01 -6.89355209e-02
    -2.08103959e-03 -3.71604562e-02 -7.81300187e-01 -3.59566547e-02
    -7.99253061e-02  9.72665264e-04 -3.64931338e-02 -5.02861328e-02
    -5.85398749e-02 -1.69363748e-02 -1.18638270e-01  1.75766125e-02
    -2.83510853e-02 -3.31711657e-02 -1.49508193e-01 -4.60662246e-02
    -4.69595939e-02 -3.15762311e-02 -1.09506752e-02  2.63973251e-02
    -4.55172732e-02 -4.28422540e-02  6.62845224e-02 -5.87658770e-02]
   [-4.08686697e-02 -9.32954475e-02 -3.05271465e-02 -4.20972146e-02
    -1.47277154e-02  3.14264484e-02 -1.30115435e-01  2.88292393e-03
    -9.57549829e-03 -2.04407685e-02  1.66478101e-03 -5.97384758e-03
     4.27972935e-02 -4.56022844e-03 -3.58930267e-02  1.48602936e-03
    -2.13018749e-02  1.88350247e-03  8.39911327e-02  2.06061751e-02
    -8.04549549e-03 -2.02117804e-02  1.84032433e-02 -6.43766066e-03
    -3.45144309e-02 -1.21625131e-02  2.65854262e-02  2.52345465e-02
    -6.57191873e-02 -2.27868906e-03 -6.38686270e-02  2.82863919e-02]
   [ 4.40227725e-02  1.81823038e-02 -1.52527513e-02  2.17652395e-02
    -1.01787569e-02  3.48431692e-02  3.73217613e-02 -5.06831482e-02
    -8.01446196e-03  1.11337323e-02  3.24711949e-02  5.49382472e-04
     4.00073566e-02  2.99645793e-02  6.10410376e-03 -1.70799717e-02
     4.15052753e-03 -1.95442252e-02  2.33098745e-01 -6.11937284e-01
    -5.96736930e-03  4.35438752e-03  1.47556830e-02 -1.55748297e-02
    -1.17853638e-02  1.28813153e-02 -2.41324410e-01 -2.43874285e-02
     2.14737002e-02 -1.81340929e-02  3.43993902e-02 -5.40140606e-02]
   [-3.85852903e-02  7.26778433e-02 -1.26280934e-02 -3.10350694e-02
    -1.63547993e-02 -8.38224411e-01  1.58933535e-01 -1.54938167e-02
    -1.61701497e-02 -1.82616450e-02  2.10044175e-01 -5.08308485e-02
    -2.30388325e-02  5.81509508e-02 -1.41928000e-02 -2.92680208e-02
    -7.56493881e-02 -1.23430546e-02 -5.80367565e-01 -3.41564156e-02
    -2.35115848e-02 -3.75158563e-02 -6.93419755e-01 -2.46852692e-02
    -1.99415144e-02 -2.22133249e-02 -4.21717688e-02  7.38287636e-04
    -1.38942804e-02 -2.25530528e-02  1.98698067e-03 -6.77364409e-01]
   [-8.78726691e-02 -4.93600173e-03 -3.62056084e-02 -2.28208061e-02
     1.74985704e-04 -2.79567875e-02 -2.31068254e-01 -5.00092097e-02
    -5.90326916e-03 -3.48153599e-02 -1.57421604e-01 -3.08823828e-02
    -3.56787965e-02  7.22393394e-02 -3.08063310e-02 -2.77179219e-02
     6.58909837e-03 -1.44335330e-02 -1.99057743e-01  1.62289456e-01
    -3.25409621e-02 -3.76068875e-02  3.63428751e-03 -2.43181549e-02
    -4.39022221e-02 -4.17555198e-02 -4.50779051e-02  2.07476094e-02
    -3.47335674e-02 -2.88591608e-02  2.73590889e-02 -1.44359171e-01]
   [-9.78268832e-02 -6.20826904e-04 -4.04786728e-02 -2.98206173e-02
     1.89990981e-03 -7.05390796e-02 -8.65347087e-02 -2.88769696e-02
    -2.34774463e-02 -3.09797879e-02 -1.23062873e+00 -4.24080789e-02
    -1.26206398e-01 -2.32896268e-01 -2.58661844e-02 -4.39246260e-02
    -5.20779230e-02 -2.92605385e-02 -5.64013600e-01 -2.63844617e-02
    -5.30450791e-02 -4.57198471e-02 -5.27055115e-02 -4.22061123e-02
    -5.00824079e-02 -3.54392380e-02  5.43470792e-02  7.99104199e-03
     1.76418237e-02 -5.04774451e-02  3.46949436e-02 -3.90332043e-02]
   [-4.86180335e-02 -1.38719574e-01 -1.40512604e-02 -2.62376219e-02
     1.32955867e-03 -9.88044217e-02 -2.79477775e-01 -8.88587814e-03
     2.91255978e-03 -1.57343168e-02 -2.15250283e-01 -3.84832988e-03
    -2.16816328e-02  9.35951248e-03 -3.20631079e-02 -1.79874711e-02
    -3.02311908e-02 -1.75443348e-02  1.22895725e-01 -5.47240496e-01
    -2.09261868e-02 -3.93165872e-02  1.49511263e-01 -3.77698988e-02
    -5.65926835e-04 -3.63858528e-02  8.80587380e-03  1.15411151e-02
    -3.18422839e-02 -3.76711115e-02 -1.85723305e-02 -7.81912729e-02]
   [-2.44412441e-02  6.69131279e-02 -1.20283384e-02 -1.95228346e-02
    -1.72062721e-02  1.23470686e-01  4.08768170e-02  1.74783710e-02
    -1.37070883e-02 -1.00250151e-02 -4.69481610e-02 -1.01116402e-02
     4.23707999e-02  2.17343308e-02 -4.01567779e-02 -3.04271560e-02
    -3.28195356e-02 -1.58043783e-02 -3.26933041e-02  6.91155344e-02
    -1.36681600e-02 -2.24693213e-02  1.96962759e-01 -1.14533138e-02
    -2.29499079e-02 -3.11756786e-02 -1.18730366e-01  1.54637024e-02
    -2.16267481e-02 -4.02388815e-03  2.36788802e-02 -2.49961726e-02]
   [-1.34164086e-02  4.15327623e-02 -3.62873673e-02 -8.52023531e-03
    -2.81906575e-02  1.54753542e-02 -9.73819867e-02 -1.83358472e-02
    -3.42814997e-02 -1.98953170e-02 -6.23050109e-02 -8.85354821e-03
    -1.20524988e-02 -7.00813830e-02 -1.22618377e-02 -6.20477973e-03
    -2.26326492e-02  4.12786566e-03 -1.23974755e-01 -2.21770823e-01
    -3.76034640e-02 -2.39505433e-03  2.94862129e-02 -1.21591687e-02
    -1.50381271e-02 -2.07587834e-02 -5.48363961e-02  2.67282445e-02
    -6.84115067e-02  8.46300460e-03 -1.43327728e-01  5.23188487e-02]
   [-9.60976779e-02 -2.39997908e-01 -3.58835757e-02 -1.95880681e-02
     5.09001664e-04  1.99950226e-02  5.97630516e-02 -1.99580733e-02
    -1.61303040e-02 -1.72086190e-02 -2.41011932e-01 -3.06895766e-02
    -1.02630086e-01 -1.59595683e-01 -3.38828824e-02 -3.06920912e-02
    -4.87996005e-02 -3.08661256e-02 -8.99005085e-02 -3.16166341e-01
    -4.91475910e-02 -1.75638013e-02  3.58500704e-02 -4.22882959e-02
    -3.88793498e-02 -2.13959254e-02 -2.14921996e-01  2.77295616e-03
     2.56338175e-02 -4.96195629e-02 -3.08550335e-02  5.91780897e-03]
   [-7.36812875e-02 -7.04027787e-02 -7.46570295e-04 -1.76005568e-02
    -1.07143614e-02  1.89166516e-02 -1.39851227e-01 -2.05139946e-02
     1.53204042e-03 -1.06953895e-02  6.38277382e-02 -4.06016670e-02
    -1.10648833e-02 -3.30121741e-02 -3.56583484e-02 -3.86019386e-02
    -8.00486207e-02 -3.03269271e-02 -2.79069738e-03  2.60054529e-01
    -3.37737128e-02 -2.29482129e-02  6.49053743e-03 -1.41586857e-02
    -2.89401058e-02 -1.48024205e-02  6.69886470e-02 -2.88108829e-02
     3.13789174e-02 -3.93162034e-02 -1.19649386e-03 -9.25642550e-02]
   [-6.05891012e-02 -4.46090326e-02 -1.50279952e-02 -2.85447631e-02
    -2.58361246e-03 -3.51385884e-02 -1.04123354e-01 -3.21231261e-02
    -1.59924068e-02 -2.20793206e-02  4.41735148e-01 -1.87811516e-02
    -3.10060102e-02 -1.53838128e-01 -1.40264351e-02 -2.74451971e-02
    -4.43069376e-02 -1.22066839e-02 -2.22518086e-01 -7.25306451e-01
    -2.87244376e-02 -3.54879387e-02  6.28724545e-02 -1.37985749e-02
    -3.23793516e-02 -1.97363663e-02  3.14476758e-01  5.47444709e-02
    -1.50467977e-02 -3.74283902e-02 -8.42662677e-02 -3.72774266e-02]
   [-1.88589115e-02 -1.20909266e-01 -6.09655166e-04 -1.10521894e-02
     1.00815268e-02  1.30782928e-02  9.97826755e-02 -6.53331801e-02
    -6.02889434e-03 -2.49864254e-02 -5.15217364e-01 -1.78139228e-02
     8.78881849e-03 -3.93011905e-02 -2.76349615e-02 -2.79515740e-02
    -6.20055273e-02 -3.44803892e-02  6.98988438e-02  1.73680812e-01
    -1.21045439e-02 -1.69227924e-02  1.12541141e-02 -2.16918103e-02
    -4.42017838e-02 -5.12599433e-03  7.47799650e-02 -2.64570136e-02
     2.89673526e-02 -2.18954310e-02  3.26725356e-02  2.31297482e-02]
   [-9.53831673e-02 -6.62783533e-02 -1.31364670e-02 -1.16390176e-02
     2.78992765e-03 -9.19775963e-02  2.14272022e-01 -9.61467624e-03
    -1.50670735e-02 -4.79692295e-02 -5.42028435e-03 -2.09274776e-02
    -2.96544190e-02 -1.57534048e-01 -1.32166650e-02 -1.91033483e-02
    -1.99517254e-02 -1.09393802e-02  7.73809850e-02  2.04226628e-01
    -3.38713713e-02 -5.40549867e-02 -1.67164057e-01 -1.53163299e-02
    -3.11766341e-02 -3.37803438e-02  5.68306856e-02  5.97213674e-03
     2.91959848e-02 -2.47277580e-02  2.60763150e-02 -2.36777402e-02]
   [-1.41210780e-01 -1.56903453e-02 -2.64678150e-03 -1.44170551e-02
     1.73874700e-03 -5.98772056e-02 -1.44582391e-01 -1.61327794e-02
    -2.69039646e-02 -2.31438130e-02 -8.38125527e-01 -1.74306706e-02
    -1.00381017e-01 -3.02457243e-01 -1.73651855e-02 -2.92943884e-02
    -4.61177453e-02 -1.17717888e-02 -6.63677603e-02  6.99833408e-02
    -1.83510631e-02 -2.20618099e-02 -1.66024074e-01 -3.77760530e-02
    -4.90038395e-02 -3.75193283e-02  9.63387415e-02  2.11631730e-02
    -5.70982136e-03 -1.12364618e-02  3.01873423e-02 -1.24811672e-01]
   [-1.63883165e-01 -2.72753406e-02 -2.78556198e-02 -3.77518833e-02
    -1.80016290e-02 -2.94495244e-02 -2.27675036e-01 -2.32856721e-02
    -1.64122861e-02 -3.77716161e-02 -7.01506078e-01 -7.05058053e-02
    -7.37267807e-02 -5.31707741e-02 -7.68101439e-02 -5.30976802e-02
    -1.18155271e-01 -4.51112539e-02 -2.50034899e-01  2.73495764e-02
    -6.53185099e-02 -6.99573308e-02 -3.70592885e-02 -4.58165407e-02
    -1.75033007e-02 -6.60682842e-02  5.95845170e-02  1.10472068e-02
     1.99900605e-02 -3.44267599e-02 -2.60919775e-03 -1.70741856e-01]
   [-2.54791565e-02  2.14809045e-01 -1.10864406e-02 -1.81442546e-03
    -2.57027242e-03  7.04647333e-04 -1.97936948e-02 -4.63102274e-02
    -2.94439327e-02 -9.22663417e-03 -1.63241029e-01 -1.70603544e-02
     3.60924900e-02 -4.18942273e-02 -1.71564482e-02 -1.48439137e-02
    -3.00610475e-02 -1.65646691e-02 -1.03403488e-02 -1.47455835e+00
    -2.34735683e-02 -2.69169710e-03  2.49856361e-03 -2.12329458e-02
    -1.75176244e-02  2.58671418e-02 -5.44023067e-02 -3.89799313e-03
     6.70869788e-03 -3.88459787e-02  1.89606268e-02  9.21669696e-03]
   [-7.01263025e-02 -2.78354269e-02 -3.63271758e-02 -1.32631846e-02
    -1.39803253e-02  3.04613002e-02 -1.05926313e-01  4.28497884e-03
     1.61850476e-03 -2.55337134e-02 -1.11374021e-01 -1.27654364e-02
     4.96524910e-04  7.67948758e-03 -1.16782766e-02 -1.21640069e-02
     2.99831107e-02  2.03773707e-05 -1.96406171e-01  4.88145165e-02
    -2.63255648e-02 -1.29812863e-02  1.03292661e-02 -1.66246183e-02
    -3.86440977e-02 -1.58799142e-02  1.26195420e-02  1.08132102e-02
    -7.34496415e-02 -1.51900295e-02  3.34019102e-02  4.24525551e-02]
   [ 8.49787705e-03 -6.66159466e-02 -3.00336629e-02 -5.17086610e-02
    -3.81712511e-04 -1.71719100e-02  5.00120223e-02 -4.00625840e-02
    -1.87008474e-02 -2.69514527e-02 -4.20680158e-02 -2.99076252e-02
    -7.05049261e-02 -6.73762560e-02 -4.75586653e-02 -4.66204695e-02
    -8.39654952e-02  1.94657547e-03 -8.21928829e-02 -9.85930979e-01
    -4.53069434e-02 -5.55051677e-02  2.41345875e-02 -2.77709458e-02
    -4.89244349e-02 -2.74756812e-02 -4.72867824e-02  2.50346828e-02
    -7.36825750e-04 -2.09526103e-02 -6.80808201e-02 -9.95101109e-02]
   [-1.32590041e-01 -1.45355230e-02 -1.77949537e-02 -2.72522066e-02
    -7.01434398e-03 -1.29430056e-01 -1.93218589e-01 -7.28415996e-02
    -5.72570134e-03 -2.65965145e-02 -1.03471577e-02 -4.08245027e-02
     2.92943884e-02 -1.52134806e-01 -3.77431549e-02 -3.85417826e-02
    -1.04340278e-02 -1.82163827e-02 -2.15515435e-01 -1.27392381e-01
    -2.02724431e-02 -3.52622755e-02 -1.61090687e-01 -1.11423014e-02
    -3.47336903e-02 -4.31471691e-02 -2.20320217e-05  1.91469938e-02
    -1.03555910e-01 -6.78525213e-03  6.91838413e-02 -1.09037906e-02]
   [ 4.88126352e-02 -1.34781078e-01 -1.66859422e-02  1.46100135e-03
    -3.06655187e-02 -3.80184054e-02  5.71864471e-02 -6.03737347e-02
    -2.04217099e-02 -6.59845537e-03  8.98070633e-02 -7.91619439e-03
    -4.33373079e-02 -4.76538949e-02 -4.36828434e-02 -2.93192882e-02
    -5.36286421e-02 -2.83297859e-02 -9.77065191e-02  1.41957179e-01
    -8.83000810e-03  1.09854005e-02 -4.59693521e-02 -5.13294479e-03
    -3.53290923e-02  2.80531365e-02 -2.38987114e-02  8.68930016e-03
     1.03183119e-02 -3.43441293e-02 -2.61567365e-02  6.40669614e-02]
   [-1.20354839e-01  1.01468377e-02 -2.77121160e-02 -5.84194511e-02
    -2.21342477e-03  2.40746941e-02 -1.35565726e-02 -2.91229002e-02
    -1.19833536e-02 -5.50577231e-02  3.15521704e-03 -5.01336791e-02
    -3.06321755e-02 -2.01562718e-02 -6.57910258e-02 -7.14561865e-02
    -7.82931298e-02 -4.53772880e-02  1.72301799e-01 -2.09660098e-01
    -5.74056916e-02 -7.38368183e-02  2.67977491e-02 -2.91474704e-02
    -4.43818197e-02 -6.74483478e-02  1.65062025e-02  5.43807931e-02
     9.10083055e-02 -4.92230244e-02  3.05124018e-02 -6.00396320e-02]
   [-1.64398938e-01  4.42914180e-02 -1.47837782e-04 -2.40349323e-02
    -1.46922218e-02 -1.46493807e-01 -2.95683414e-01  1.75435003e-02
    -1.38286203e-02 -3.59399579e-02  2.52253674e-02 -4.03574109e-02
     2.98247132e-02 -1.11718237e-01 -1.53000802e-02 -2.64876541e-02
    -8.99978448e-03  2.56274943e-03 -3.09309036e-01 -3.53556812e-01
    -2.73425523e-02 -2.91239917e-02 -1.53582841e-01 -2.92323474e-02
     9.52701923e-03 -1.13811381e-02 -2.72677809e-01  4.10217047e-02
    -1.18317306e-01 -1.63099077e-02  7.03944685e-03 -3.09271608e-02]
   [-4.26259032e-03 -1.93596706e-01 -1.01202521e-02 -2.01726612e-02
    -7.41090300e-03 -4.79310602e-02 -1.43941730e-01 -1.81583017e-02
    -1.07679348e-02 -7.38454377e-03  1.68015808e-01 -1.94276962e-02
    -2.83902511e-02 -1.06778957e-01 -2.17723083e-02 -3.56950723e-02
    -6.12900592e-02 -3.47113237e-02 -7.49155805e-02 -3.35224688e-01
    -3.58990431e-02 -2.86169779e-02 -5.47648780e-03 -5.07830419e-02
    -4.90322784e-02 -1.56573616e-02  6.11850619e-02  1.59148406e-02
     2.33355593e-02 -3.85628007e-02 -2.95790397e-02 -5.11627719e-02]
   [-3.38346406e-04  1.19304992e-01 -1.15202181e-02 -1.78171061e-02
    -5.43929171e-04 -1.42594036e-02  9.53533128e-02 -3.08075268e-02
    -7.39429705e-03 -1.22555904e-02 -1.65249333e-02 -2.51332130e-02
    -2.43221018e-02  1.40869081e-01 -2.06250083e-02 -1.39640253e-02
    -3.93570624e-02 -1.08477958e-02  7.05797412e-03  1.88449308e-01
    -2.16599926e-02 -1.82978231e-02  3.53538692e-02 -3.74205261e-02
    -1.33693367e-02 -1.27770007e-02 -4.49985713e-02 -2.18268558e-02
     2.17698496e-02 -1.92308240e-02  2.78402586e-02  5.89118786e-02]
   [-5.77722639e-02 -1.46386862e-01 -1.06957825e-02 -2.73882449e-02
    -2.36267745e-02  5.78246154e-02  1.04420073e-01 -3.58437970e-02
     5.15292864e-03 -3.74976099e-02 -1.33903205e-01 -3.85426581e-02
    -1.47369325e-01  1.21118002e-01 -3.97055782e-02 -2.17095688e-02
    -1.78323202e-02 -2.20010914e-02  9.51146428e-03 -8.16313736e-03
    -6.68731108e-02 -3.25316191e-02 -3.77965644e-02 -6.15199395e-02
    -2.62123868e-02 -1.07329860e-02 -1.28823325e-01 -2.01050397e-02
     2.97346674e-02 -4.04383503e-02  5.17430529e-02 -8.96274298e-02]
   [-6.76794909e-03  4.98278737e-02 -3.79898474e-02 -3.00390478e-02
    -6.25108974e-03  2.18814760e-02 -1.46673098e-01 -1.05714295e-02
    -2.01209988e-02 -1.60922371e-02  1.72507986e-02  8.33845115e-04
     5.41117489e-02  4.29052813e-03 -1.33508416e-02 -1.54761458e-02
    -5.71893044e-02 -9.23869759e-03  3.45619172e-02 -6.67114928e-02
    -2.47482024e-02 -1.16976406e-02  5.28821535e-03 -1.65645760e-02
    -2.90190261e-02 -2.86493860e-02 -7.97212422e-02  2.21595392e-02
    -6.49705380e-02 -7.11835176e-03 -8.91268626e-02  2.36415677e-02]
   [-2.41836347e-02  3.84177119e-02 -8.55471641e-02 -5.21790087e-02
    -1.16360830e-02  6.16783574e-02  6.18251339e-02 -2.56615561e-02
    -2.39937045e-02 -5.85445575e-02  3.49217243e-02 -1.36084268e-02
    -9.27095935e-02  3.80969793e-02 -5.61263561e-02 -3.29908393e-02
    -7.79559612e-02 -1.82678960e-02 -8.14416260e-02 -6.07833922e-01
    -6.46309406e-02 -3.15997899e-02  9.15106535e-02 -3.39116044e-02
    -5.75146191e-02 -6.05862327e-02 -1.63746491e-01 -8.59153923e-04
     3.28242742e-02 -1.79048982e-02 -1.05506293e-02 -1.12331957e-02]
   [-3.63087580e-02  6.64594918e-02 -1.14830174e-02 -2.55663898e-02
    -8.80634692e-03 -1.00928210e-01 -1.34925663e-01 -8.50855857e-02
    -1.38583090e-02 -3.68526839e-02  6.68846220e-02 -3.53209339e-02
     1.15840379e-02  4.44591977e-02 -3.45996805e-02 -2.96036713e-02
    -4.16663475e-02 -6.03500102e-03 -2.40117192e-01  7.27451816e-02
    -2.28176955e-02 -1.82941221e-02 -8.36415440e-02 -2.06853058e-02
    -3.43703739e-02 -2.20917035e-02 -2.03539506e-01  3.33361365e-02
    -1.80367418e-02 -2.01089401e-02  2.24665198e-02  1.98995287e-04]
   [-9.04002110e-04  4.11646627e-02 -3.53473984e-02  6.00469299e-03
    -3.26689240e-03  4.44457084e-02  3.17514800e-02 -7.34919216e-03
    -2.75124032e-02 -7.79547449e-03  1.40901059e-01  1.10582206e-02
     4.26206701e-02  1.50650030e-03 -2.65910421e-02  1.30316671e-02
    -2.42151264e-02  1.35649194e-03  8.77175014e-03 -3.99720520e-01
    -1.89978275e-02  1.34532126e-02  4.23695557e-02 -8.12947098e-03
    -2.10424755e-02  2.39365618e-03 -3.94327611e-01  2.09266022e-02
    -1.05807461e-01 -2.01127660e-02 -2.16045007e-02  8.95148963e-02]
   [-4.23601195e-02  2.08113268e-02 -3.52356881e-02 -2.84382775e-02
    -4.22252668e-03  1.49375312e-02 -1.63620293e-01 -2.48415023e-02
    -6.17750641e-03 -5.57998791e-02 -7.10543022e-02 -4.20548022e-02
    -2.36826297e-02  5.98953217e-02 -4.36179526e-02 -3.40999253e-02
    -2.80335583e-02 -2.28022709e-02 -1.11376695e-01 -2.36362964e-01
    -4.78856452e-02 -5.79912476e-02  1.66635677e-01 -3.38365436e-02
    -4.55061533e-02 -1.66670326e-02 -1.02643490e-01  8.26070365e-03
    -4.57024686e-02 -2.48567965e-02 -1.65133774e-02 -6.64965212e-02]
   [ 2.83213649e-02  2.90228575e-02 -8.85177869e-03 -1.77414641e-02
    -1.28141919e-03 -1.15395077e-02  2.99237911e-02 -2.14570388e-02
    -1.26270158e-02 -1.71911262e-03 -8.52417871e-02 -4.14113998e-02
     1.36981159e-02  9.19143111e-02 -2.54719164e-02 -2.44945828e-02
    -3.67254746e-04 -2.77338363e-02  1.56347364e-01 -6.79679736e-02
    -3.44363376e-02 -3.08378078e-02 -4.99340706e-02 -1.91600397e-02
    -1.33652976e-02 -2.78670415e-02  3.96347381e-02 -5.88466637e-02
     1.10596858e-01 -3.43758613e-02 -1.54049676e-02  5.58075421e-02]
   [-1.90826356e-02 -2.37397440e-02 -1.05651580e-02 -3.00321989e-02
     4.63476172e-03  2.17581466e-02 -2.37206012e-01 -8.23540986e-02
    -1.80480108e-02 -2.66462229e-02  2.06193134e-01 -2.37321705e-02
     9.12947506e-02 -8.78063496e-03 -1.92601066e-02 -1.96039230e-02
    -3.40218027e-03 -7.31666014e-03  1.41784726e-02  3.38717014e-01
    -1.10185873e-02 -2.11500227e-02 -5.75799420e-02 -4.69770981e-03
    -3.27337235e-02 -2.96461266e-02 -1.29300043e-01  5.49701229e-02
    -2.12269068e-01 -8.85809492e-03  9.32286829e-02  2.67909653e-02]
   [-7.17611164e-02  1.68798089e-01 -1.86021961e-02 -9.33347642e-03
    -5.74492675e-04 -6.65422389e-03 -1.54986680e-01 -2.56612580e-02
    -2.38236040e-02 -1.60286333e-02  9.57369879e-02 -3.40558984e-03
     4.42575887e-02  9.49553996e-02 -8.25723354e-03 -2.97621302e-02
     1.20705897e-02 -2.07666364e-02 -3.50981355e-02 -2.79821455e-01
    -1.57268755e-02 -3.05420216e-02  4.44175154e-02 -2.05830242e-02
    -3.25399376e-02 -3.75561081e-02 -8.30633864e-02 -2.53025182e-02
     3.07387039e-02 -8.60534795e-03  6.41989857e-02 -2.93902624e-02]
   [-6.03218451e-02 -1.08307935e-01  1.42818794e-03 -4.36168686e-02
    -5.90277649e-03 -1.31524876e-01 -6.78258389e-02 -4.78309505e-02
    -1.17537882e-02 -1.70675367e-02 -1.19712579e+00 -3.04749701e-02
     6.00884035e-02 -8.53426978e-02 -1.92654226e-02  3.61713755e-04
    -4.75402139e-02 -1.88448373e-02 -1.77234653e-02  4.81097639e-01
    -4.07359526e-02 -2.35513747e-02 -1.35545358e-01 -2.27093697e-02
    -2.59154197e-02 -1.50868064e-02  2.66276952e-02  2.48640813e-02
    -2.51050480e-02 -1.00756623e-02  7.61248469e-02  1.60920639e-02]
   [-7.19048008e-02 -9.11227614e-02 -2.44400036e-02 -1.55836679e-02
     4.08744626e-03 -2.52094548e-02  1.72996849e-01 -3.87897529e-02
    -1.04929721e-02 -3.52677442e-02  2.25762784e-01 -4.14992720e-02
     8.28823894e-02  1.02335364e-01 -3.36263441e-02 -3.02434023e-02
    -3.32503989e-02 -3.07742525e-02  4.30179760e-02  1.79817770e-02
    -5.85280396e-02 -2.31216066e-02  3.48377377e-02 -4.51749638e-02
    -2.36496162e-02 -1.68877579e-02  1.08804546e-01 -2.16485988e-02
     5.07758148e-02 -5.01012094e-02 -2.20166445e-02  1.84424855e-02]
   [-3.25292647e-02  4.43424564e-03 -2.62737069e-02 -3.21392082e-02
    -7.14255404e-03  1.40808877e-02 -1.93939552e-01 -3.52005512e-02
    -3.82427732e-03 -2.06239056e-02  4.30039652e-02 -3.16944607e-02
     7.39263147e-02  1.16767488e-01 -1.55700678e-02 -3.30218375e-02
    -4.37279493e-02 -2.61018872e-02  6.74008504e-02 -1.31179884e-01
    -4.15510945e-02 -3.14665884e-02 -1.22678680e-02 -2.35142987e-02
    -3.60735506e-02 -3.47164050e-02 -2.84292474e-02  1.05143653e-03
    -1.49146719e-02 -3.50727513e-02  4.15650085e-02 -1.12165967e-02]
   [-4.99512553e-02 -2.23064318e-01  8.53663962e-03 -1.31705087e-02
    -2.31765746e-03 -9.27362032e-03  6.63029775e-02 -2.66231000e-02
    -1.31379766e-02 -1.46392677e-02 -3.31788957e-02 -4.32079565e-03
    -1.36074170e-01 -3.04366108e-02  4.66395263e-03 -2.93812975e-02
    -4.38653938e-02 -2.14868635e-02 -4.76523861e-02 -7.39713907e-02
    -2.10156254e-02 -1.00421561e-02  2.17542034e-02 -4.58287261e-03
    -1.76563561e-02 -2.82333568e-02 -5.67573647e-04 -2.59945281e-02
    -2.84163893e-04 -2.81176437e-02  2.48748716e-02  2.83693075e-02]
   [-6.74476549e-02 -6.24431372e-02 -1.44089069e-02 -3.09706875e-03
    -1.60913519e-03  6.40616473e-03  2.04943031e-01 -4.50120866e-02
     4.91416967e-03 -9.82368924e-03  1.58469602e-01 -1.00876736e-02
     1.19118176e-01  1.11993529e-01 -1.45252245e-02 -2.60407589e-02
    -2.70843133e-02 -8.52480065e-03 -2.86125869e-01 -9.49929431e-02
    -2.51775645e-02 -2.87728179e-02 -5.95097430e-02 -1.92397125e-02
    -3.33657935e-02 -1.07268672e-02 -1.41335964e-01  1.90608427e-02
    -3.83380279e-02 -2.74808910e-02 -3.56109589e-02 -1.89399123e-02]
   [-7.93348849e-02 -2.64280243e-03 -4.86327410e-02 -4.60134596e-02
    -1.02521630e-03  4.76933643e-02  3.65579799e-02 -3.62129533e-03
     1.32111402e-03 -1.05598094e-02 -5.42107795e-04 -1.91312749e-02
    -2.58693355e-03 -5.01076281e-02 -4.64951582e-02 -1.85425412e-02
    -9.10087228e-02 -2.38472838e-02 -1.89652756e-01  5.96530437e-02
    -5.19052893e-02 -2.36082114e-02  2.20174287e-02 -3.27381976e-02
    -1.93208884e-02 -1.68006495e-02  5.64676104e-03  4.73446138e-02
    -1.59596220e-01 -2.87161358e-02 -2.22792327e-02  2.29277238e-02]
   [-3.85688655e-02 -4.03766446e-02  6.87339762e-03 -3.73712853e-02
    -5.95183810e-03 -2.28744954e-01  5.03304787e-02 -4.15652022e-02
    -1.93211399e-02 -1.42455073e-02 -1.88080519e-01 -3.36618647e-02
     8.20974708e-02  2.65887856e-01 -3.30642909e-02 -1.65227856e-02
    -2.90225595e-02 -4.46478790e-03  1.45274997e-01  3.30412626e-01
    -1.10594006e-02 -2.09958851e-02 -3.00145984e-01 -1.52789596e-02
    -2.11994909e-02 -1.65787153e-02  1.68081105e-01  4.59731463e-03
    -8.26153962e-04 -1.45763694e-03 -7.24420929e-03 -3.17015618e-01]
   [-8.35039467e-02 -6.90616295e-03 -2.10477896e-02 -8.91033281e-03
     3.39679257e-03  3.15040872e-02  1.33433864e-01 -9.24985763e-03
    -9.41363256e-03 -1.87717248e-02  1.79194678e-02 -8.36916361e-03
     2.69573573e-02 -2.75499839e-02 -1.34805311e-02 -1.09263342e-02
    -9.99096334e-02 -1.47770932e-02 -8.67889598e-02  9.18066204e-02
    -3.18807885e-02  2.83543416e-03  1.81315560e-02 -2.06579212e-02
    -2.16561873e-02 -9.88898054e-03 -3.99474129e-02  3.99584249e-02
    -1.88887790e-01 -2.87251808e-02 -1.29108299e-02  3.63422595e-02]
   [-1.00248847e-02 -5.30903926e-03 -2.80054212e-02 -1.18797105e-02
    -2.40105623e-03  4.13604528e-02  3.74387694e-03 -8.95548612e-03
    -7.12799327e-03 -6.96248841e-03  2.54105451e-03  8.00300390e-03
     3.18205617e-02 -2.08353740e-03 -1.06870821e-02 -3.93916294e-03
    -4.94857058e-02 -1.53488833e-02  5.19886538e-02  1.14287250e-01
    -6.58946205e-03 -1.22229168e-02  1.70029830e-02 -4.65242565e-03
    -1.67960003e-02 -1.74284577e-02 -1.15805656e-01  1.10300407e-02
    -2.79444940e-02 -1.56155257e-02 -9.98196900e-02  4.81956676e-02]
   [-1.05265073e-01  5.06156273e-02  5.02887822e-04 -1.54940085e-02
    -1.85101423e-02  4.05813269e-02  6.61150664e-02 -2.87956949e-02
    -8.23212415e-03 -1.09753367e-02 -1.65783852e-01 -2.56770253e-02
     1.95035756e-01 -2.18691621e-02 -3.80198732e-02 -2.64585856e-02
    -3.48703973e-02 -1.22196758e-02 -1.86178982e-01 -7.79621005e-02
    -3.74180377e-02 -7.71650462e-04  4.81548905e-02 -2.28343438e-02
    -1.64034422e-02 -3.50666307e-02  1.44439861e-01  4.10762010e-03
    -6.79007452e-03 -1.09779695e-02 -1.28253335e-02  7.80487880e-02]
   [-7.12278485e-02  5.75656854e-02 -3.53997760e-02 -8.92422907e-03
     1.14172712e-04 -1.25281438e-01  9.83127626e-04 -2.41042562e-02
    -3.50066237e-02 -3.97039130e-02  9.56423134e-02 -4.31163907e-02
     3.88322435e-02 -3.96608502e-01 -2.86249761e-02 -4.23227400e-02
    -4.06799279e-02 -7.19425082e-03 -2.58359075e-01 -2.10628793e-01
    -1.46654546e-02 -8.70374870e-03 -1.79771066e-01 -3.60695980e-02
    -2.97493432e-02 -1.23509904e-02  3.57149588e-03  2.30713375e-02
    -3.12073734e-02 -2.57041734e-02  4.81486246e-02  9.33227241e-02]
   [-2.80113891e-02  2.81132996e-01 -2.22884547e-02 -2.19525173e-02
     3.31427646e-03  2.87107266e-02  6.23328313e-02 -3.87175567e-02
    -6.80795545e-03 -3.24138962e-02 -2.38037288e-01 -2.32836809e-02
    -2.77865063e-02  2.28616390e-02 -2.31592804e-02 -1.14518711e-02
    -6.26290366e-02 -9.49855521e-03 -5.56176268e-02  5.50020300e-02
    -1.81754529e-02 -2.55435035e-02 -4.29085009e-02 -2.33550165e-02
    -1.79647040e-02 -1.41985370e-02  1.45206332e-01 -1.45859849e-02
     1.34284701e-02 -1.18853683e-02  2.76766568e-02  6.19655065e-02]
   [ 2.85806153e-02  2.70872086e-01 -1.76260658e-02  5.20242145e-03
    -1.75805055e-02  4.83357301e-03  1.76688492e-01  1.99181791e-02
    -5.61577454e-03 -2.31709164e-02 -1.52497113e-01  7.66491983e-03
     2.54321415e-02 -2.17606612e-02  1.18631218e-03 -1.19113363e-02
    -6.11784942e-02  4.60062921e-03  8.72534513e-02 -5.89900672e-01
    -1.72198359e-02  2.23255027e-02 -6.90543419e-03  1.37838023e-02
    -4.38878834e-02  1.46849675e-03 -4.20406014e-02 -2.43778736e-03
     1.39193460e-02 -3.81380990e-02 -3.17446189e-03  6.51150048e-02]
   [-2.80815233e-02 -1.50120243e-01 -4.01639454e-02 -1.72884129e-02
    -3.96550335e-02  1.43471872e-02 -1.67358682e-01  5.97634411e-04
    -3.09487432e-03 -3.19369137e-02  5.23869991e-02 -2.60546524e-02
    -5.23342285e-03  7.99523592e-02 -1.72860222e-03 -1.38349487e-02
     2.46586110e-02  1.33090029e-02 -1.93167001e-01  8.44259635e-02
    -1.81571096e-02 -2.59850007e-02  2.15192325e-02 -2.26929616e-02
    -3.26442011e-02 -2.57752482e-02  7.06039444e-02  2.00028233e-02
    -4.70017828e-02 -2.28142831e-02 -5.31532280e-02  1.50047289e-02]
   [-7.61913285e-02  2.74571218e-02 -5.85627742e-02 -7.19582736e-02
    -2.43505841e-04  1.65792909e-02 -1.13634460e-01 -1.11808274e-02
    -2.17614435e-02 -7.07178563e-02 -3.62433381e-02 -6.04894385e-02
    -1.17110386e-02 -1.83798939e-01 -6.86770380e-02 -6.59161210e-02
    -7.54682422e-02 -4.59079295e-02 -3.48331958e-01  9.80404541e-02
    -6.24586381e-02 -8.38344917e-02  8.23892537e-04 -5.82206547e-02
    -4.53544855e-02 -6.25934303e-02 -1.23822331e-01  4.88876067e-02
    -5.14856763e-02 -5.39398305e-02 -7.43327942e-03 -2.61860862e-02]
   [ 1.50084123e-02  1.07536703e-01 -4.62309197e-02 -2.05570012e-02
    -6.79665757e-03  3.13381813e-02  5.59843369e-02 -1.66179714e-04
    -1.27238957e-02 -1.75190177e-02  8.12335908e-02 -1.44845629e-02
    -4.02419120e-02 -3.33613940e-02 -1.58418342e-02  1.96247990e-03
    -6.16218224e-02 -3.39629166e-02 -1.35815710e-01 -1.99158732e-02
    -4.08767052e-02 -6.11752830e-03  7.70520568e-02 -2.30449513e-02
    -4.45965193e-02 -3.27242613e-02 -1.73668936e-01  2.86835283e-02
     8.63078609e-03 -3.02009899e-02 -9.06780735e-02  5.71790189e-02]
   [-6.35335818e-02 -4.08343924e-03 -1.67280417e-02 -1.61075592e-02
     2.81516998e-03 -9.75787282e-01 -3.14931050e-02 -2.03224979e-02
     8.04281142e-03 -4.39052917e-02 -4.33562100e-01 -1.42347580e-02
     5.19964844e-03 -2.29385972e-01 -1.93408094e-02 -3.05868164e-02
    -3.97414081e-02 -2.23991647e-02  1.85320765e-01  3.54592800e-01
    -3.30480933e-02 -1.19010266e-02 -1.04198456e+00 -4.34728302e-02
    -7.97310658e-03 -2.66980547e-02  5.27348258e-02  2.02777237e-02
    -3.46901901e-02 -4.44252510e-03 -9.53087490e-03 -3.16043735e-01]
   [-1.52757997e-02 -3.02062929e-01 -2.35807560e-02 -1.76714361e-02
    -6.25548838e-03  9.74055612e-04  4.65615690e-02 -2.12921519e-02
    -1.97340306e-02 -6.24087639e-04  2.33587679e-02 -2.80089639e-02
    -4.78910692e-02  6.71704561e-02 -3.55358645e-02 -2.05934085e-02
    -3.59381852e-03 -3.03892810e-02  7.31980335e-03 -1.59576125e-02
    -1.03459321e-02 -1.04093095e-02  5.35775945e-02 -3.38940807e-02
    -2.20424477e-02 -9.73978452e-03  6.78541437e-02 -1.34421475e-02
     4.67793085e-02 -2.84437630e-02  4.72355960e-03 -5.63836098e-02]
   [ 7.24928454e-03 -1.81461170e-01 -3.66460462e-03 -2.19025817e-02
     4.82012081e-04 -9.78498068e-03  3.48730125e-02 -3.72381173e-02
    -1.44865550e-02 -3.71312676e-03 -8.99322405e-02 -1.40031641e-02
     9.13721845e-02 -2.27986965e-02 -2.16778666e-02 -3.35290506e-02
    -2.55706515e-02 -2.09592208e-02  5.13204262e-02 -8.43625724e-01
    -1.62817482e-02 -3.33181135e-02  9.73040238e-02 -5.59863052e-04
    -2.99118608e-02 -2.42462438e-02  6.34013489e-02  3.83872315e-02
     4.76006866e-02 -1.54858939e-02 -3.59627008e-02 -7.76506215e-02]
   [-5.81987463e-02  2.96347216e-02  1.00053661e-03 -2.93084942e-02
     3.96777131e-03  2.10453179e-02 -2.44759843e-01 -3.62748876e-02
    -2.06573121e-02 -2.44619045e-02  2.57871896e-01 -5.02094813e-02
     1.71378255e-02 -3.44490349e-01 -4.27159779e-02 -2.99492329e-02
    -5.00033870e-02 -9.82368458e-03 -1.54970765e-01 -2.10556284e-01
    -3.20635065e-02 -3.37405391e-02  1.41107395e-01 -3.91308367e-02
    -3.66436876e-02 -3.05451695e-02  3.86749208e-02  1.45878633e-02
    -4.03014310e-02 -3.28262895e-02  1.04197614e-01 -6.78237900e-02]
   [-2.66789440e-02  6.58069924e-02 -3.47976871e-02 -2.09551156e-02
    -1.22403884e-02 -1.06833853e-01 -1.68584153e-01 -7.16217384e-02
    -2.24038064e-02 -3.20356190e-02  2.70165682e-01 -3.10997106e-02
     8.42235833e-02  2.32125685e-01 -1.38127431e-02 -2.53581107e-02
    -4.13547046e-02 -1.34263663e-02 -3.01446080e-01 -8.36924911e-01
    -2.17638686e-02 -3.56021337e-02  5.09921834e-02 -1.88251883e-02
    -3.23293209e-02 -9.07810498e-03 -1.03087477e-01  2.62044277e-02
    -1.21881984e-01 -2.02042405e-02  6.73641786e-02  1.04852431e-01]
   [-2.12393284e-01 -2.63988495e-01 -9.44841206e-02 -1.06208593e-01
    -2.86160316e-02  1.73754711e-02 -1.11043155e-01 -4.89307493e-02
    -1.24585638e-02 -1.14350475e-01 -9.04272422e-02 -9.38431174e-02
    -6.43984079e-02  7.48186037e-02 -8.81742612e-02 -7.53888115e-02
    -7.71039277e-02 -4.67190966e-02 -3.24372828e-01 -2.19060525e-01
    -9.26852897e-02 -1.09463125e-01 -1.41738439e-02 -9.20420289e-02
    -9.11156312e-02 -9.79687944e-02 -3.89258824e-02 -1.84969231e-02
     2.52873842e-02 -6.10781386e-02  2.23790295e-02 -4.71505299e-02]
   [-3.30891982e-02 -6.56911964e-03 -1.22343004e-02 -1.97655931e-02
    -8.71117320e-03 -3.50929913e-03 -1.63333714e-01 -3.14527191e-02
    -1.13039920e-02 -3.52114886e-02  3.94866196e-03  5.90663962e-03
     6.37223050e-02  1.16171077e-01 -2.59894673e-02 -3.08566354e-02
    -5.71318492e-02 -2.64968984e-02 -1.19589463e-01 -2.32783899e-01
    -2.71747559e-02 -2.04301011e-02  1.17552973e-01 -2.42685005e-02
    -7.16312649e-03 -2.75356304e-02 -1.49514094e-01  1.08752837e-02
    -5.66847399e-02 -1.31097231e-02  6.37711361e-02 -8.99847075e-02]
   [-9.27406698e-02  1.10602817e-02 -9.82120819e-03 -7.20525980e-02
    -8.69419705e-03  9.51159094e-03  3.85631360e-02 -4.52755131e-02
    -2.18581688e-02 -4.96719442e-02  1.43370554e-01 -4.15495485e-02
    -6.51347339e-02 -1.02005422e-03 -5.00097685e-02 -4.44917381e-02
    -9.31358784e-02 -2.99213659e-02 -4.47468579e-01 -4.50155318e-01
    -5.65184020e-02 -6.38709068e-02  4.76134457e-02 -1.43625932e-02
     2.22547050e-03 -6.86477870e-02  4.91023026e-02  2.76257377e-02
    -6.76541030e-03 -1.03630337e-04 -1.07469574e-01 -6.34109452e-02]
   [-1.98707636e-02  1.34386122e-01  8.35940801e-03 -2.82038320e-02
    -1.24661978e-02  3.37748453e-02  7.05745369e-02 -3.36413905e-02
     9.28086287e-04 -2.80625895e-02 -1.78215966e-01 -2.47612707e-02
    -1.17919810e-01  7.14386106e-02 -9.37795267e-03 -2.60219015e-02
    -4.33946773e-02 -3.06570362e-02  7.85930231e-02 -5.94483912e-02
    -4.83808070e-02 -1.81003772e-02 -3.35414596e-02 -2.27852687e-02
    -2.18977947e-02 -3.67481373e-02  1.40208513e-01 -1.44044487e-02
     3.77626047e-02 -3.27794962e-02  1.02471299e-02  2.62972107e-03]
   [-1.39335155e-01 -5.48622049e-02 -2.32379194e-02 -2.50984076e-02
    -1.23070786e-02 -1.29485294e-01 -6.86476529e-02 -4.48114388e-02
    -1.15647838e-02 -4.49961089e-02 -1.58784437e+00 -4.28174473e-02
    -2.40602344e-02 -3.01526487e-01 -1.47678098e-02 -4.40896340e-02
    -4.41137701e-02  7.03651365e-03 -3.81796099e-02 -4.73173916e-01
    -4.40140292e-02 -2.69979760e-02 -1.84197947e-01 -1.45945940e-02
    -4.27512787e-02 -4.42578793e-02 -6.77317604e-02  9.95524507e-03
    -7.62485042e-02 -2.57649366e-02  1.04238719e-01 -9.60584953e-02]
   [-5.43528721e-02  4.66024317e-02 -3.38291526e-02 -1.29046049e-02
    -4.67696972e-03  6.88735619e-02 -8.89327079e-02 -2.62201540e-02
    -1.62454583e-02 -3.62748876e-02  1.90914139e-01 -3.30907330e-02
     2.69701537e-02 -5.41983902e-01 -1.98041089e-02 -3.56299356e-02
    -6.16380908e-02  8.68513621e-03  1.29644144e-02  7.88906291e-02
    -2.34681666e-02 -2.84691229e-02  1.25571251e-01 -2.20377594e-02
    -3.37037742e-02 -1.92791987e-02  1.49723887e-01  7.06049521e-03
    -3.33788209e-02 -3.67733836e-02  4.44029085e-03 -7.67626166e-02]]]]